# scorer=cert energy=eta K=3 N=1000 M=4200 seed=3 r=0.9 lookahead_k=4
step,vertex,dir,converged,sigma_after,eta_after,chosen,h
0,882,0,1,2.876742266,3,1,1
0,882,1,1,2.504404927,22,0,1
0,178,1,1,2.875760619,3,0,1
0,178,0,1,2.850702376,4,0,1
0,922,1,1,2.875385384,3,0,1
0,922,0,1,0.8204595476,45,0,1
0,341,1,1,2.874029034,3,0,1
0,341,0,1,0.02762206483,60,0,1
2,882,0,1,2.876319206,0,1,1
2,882,1,1,2.504754864,22,0,1
2,178,1,1,2.874696286,1,0,1
2,178,0,1,2.851233074,4,0,1
2,922,1,1,2.873641885,2,0,1
2,922,0,1,0.8204599027,45,0,1
2,341,1,1,2.873008101,1,0,1
2,341,0,1,0.02768123373,60,0,1
4,882,0,1,2.87503302,0,1,1
4,882,1,1,2.506956332,20,0,1
4,178,1,1,2.874787215,1,0,1
4,178,0,1,2.850762671,3,0,1
4,922,1,1,2.874573618,2,0,1
4,922,0,1,0.82105264,45,0,1
4,341,1,1,2.873111864,1,0,1
4,341,0,1,0.02753376572,60,0,1
6,882,0,1,2.875956029,0,1,1
6,882,1,1,2.506341161,20,0,1
6,178,1,1,2.874553965,1,0,1
6,178,0,1,2.851313497,3,0,1
6,922,1,1,2.874038169,2,0,1
6,922,0,1,0.8207309195,44,0,1
6,341,1,1,2.872842831,1,0,1
6,341,0,1,0.02768101645,60,0,1
8,882,0,1,2.875405452,0,1,1
8,882,1,1,2.506143888,20,0,1
8,178,1,1,2.87477073,1,0,1
8,178,0,1,2.850804062,3,0,1
8,922,1,1,2.874427479,2,0,1
8,922,0,1,0.8206621286,44,0,1
8,341,1,1,2.873039633,1,0,1
8,341,0,1,0.02769177666,60,0,1
10,882,0,1,2.875806649,0,1,1
10,882,1,1,2.506755834,20,0,1
10,178,1,1,2.874409097,1,0,1
10,178,0,1,2.851244199,3,0,1
10,922,1,1,2.874154352,2,0,1
10,922,0,1,0.8207213676,45,0,1
10,341,1,1,2.872705466,1,0,1
10,341,0,1,0.0275715702,60,0,1
12,882,0,1,2.875545767,0,1,1
12,882,1,1,2.506376759,20,0,1
12,178,1,1,2.874931533,1,0,1
12,178,0,1,2.850913448,3,0,1
12,922,1,1,2.874153868,2,0,1
12,922,0,1,0.8203892711,44,0,1
12,341,1,1,2.873220559,1,0,1
12,341,0,1,0.02760921683,60,0,1
14,882,0,1,2.875523809,0,1,1
14,882,1,1,2.506315596,20,0,1
14,178,1,1,2.874435393,1,0,1
14,178,0,1,2.851164499,3,0,1
14,922,1,1,2.874496655,2,0,1
14,922,0,1,0.8206972077,44,0,1
14,341,1,1,2.872731819,1,0,1
14,341,0,1,0.02768866564,60,0,1
16,882,0,1,2.875858561,0,1,1
16,882,1,1,2.506573865,20,0,1
16,178,1,1,2.874615414,1,0,1
16,178,0,1,2.851118437,3,0,1
16,922,1,1,2.874078885,2,0,1
16,922,0,1,0.8203993583,44,0,1
16,341,1,1,2.872899692,1,0,1
16,341,0,1,0.02764207236,60,0,1
17,178,1,1,2.874470447,1,1,1
17,178,0,1,2.851035158,3,0,1
17,922,1,1,2.874375974,2,0,1
17,922,0,1,0.8208115663,45,0,1
17,341,1,1,2.872780228,1,0,1
17,341,0,1,0.02761868986,60,0,1
17,810,1,1,2.871217742,1,0,1
17,810,0,1,0.2783804904,56,0,1
19,178,1,1,2.87463445,1,1,1
19,178,0,1,2.851070129,3,0,1
19,922,1,1,2.874338107,2,0,1
19,922,0,1,0.8206618018,44,0,1
19,341,1,1,2.87291995,1,0,1
19,341,0,1,0.02766230313,60,0,1
19,810,1,1,2.871347387,1,0,1
19,810,0,1,0.2784584403,56,0,1
21,178,1,1,2.874678709,1,1,1
21,178,0,1,2.850966843,3,0,1
21,922,1,1,2.874315123,2,0,1
21,922,0,1,0.820275512,44,0,1
21,341,1,1,2.872965654,1,0,1
21,341,0,1,0.02759517216,60,0,1
21,810,1,1,2.871413258,1,0,1
21,810,0,1,0.2784409074,56,0,1
23,178,1,1,2.874719859,1,1,1
23,178,0,1,2.851009984,3,0,1
23,922,1,1,2.874223436,2,0,1
23,922,0,1,0.8205128175,44,0,1
23,341,1,1,2.873018877,1,0,1
23,341,0,1,0.02765667724,60,0,1
23,810,1,1,2.871441656,1,0,1
23,810,0,1,0.2784140819,56,0,1
25,178,1,1,2.874639718,1,1,1
25,178,0,1,2.851089606,3,0,1
25,922,1,1,2.874217777,2,0,1
25,922,0,1,0.8205039075,44,0,1
25,341,1,1,2.872925391,1,0,1
25,341,0,1,0.02762249127,60,0,1
25,810,1,1,2.871348961,1,0,1
25,810,0,1,0.2784830511,56,0,1
27,178,1,1,2.874616842,1,1,1
27,178,0,1,2.851061037,3,0,1
27,922,1,1,2.87424121,2,0,1
27,922,0,1,0.8203598869,44,0,1
27,341,1,1,2.872918682,1,0,1
27,341,0,1,0.02762910056,60,0,1
27,810,1,1,2.87135749,1,0,1
27,810,0,1,0.2783974406,56,0,1
29,178,1,1,2.874616098,1,1,1
29,178,0,1,2.851093284,3,0,1
29,922,1,1,2.874265463,2,0,1
29,922,0,1,0.8205620522,44,0,1
29,341,1,1,2.872901566,1,0,1
29,341,0,1,0.02764238198,60,0,1
29,810,1,1,2.871327057,1,0,1
29,810,0,1,0.2784712943,56,0,1
31,178,1,1,2.874624512,1,1,1
31,178,0,1,2.851026971,3,0,1
31,922,1,1,2.874273187,2,0,1
31,922,0,1,0.8203570603,44,0,1
31,341,1,1,2.872923156,1,0,1
31,341,0,1,0.02762171264,60,0,1
31,810,1,1,2.871347996,1,0,1
31,810,0,1,0.2784185909,56,0,1
33,178,1,1,2.874645726,1,1,1
33,178,0,1,2.851075907,3,0,1
33,922,1,1,2.874261686,2,0,1
33,922,0,1,0.8204980979,44,0,1
33,341,1,1,2.872938895,1,0,1
33,341,0,1,0.02764525315,60,0,1
33,810,1,1,2.871367331,1,0,1
33,810,0,1,0.278446026,56,0,1
35,178,1,1,2.874641276,1,1,1
35,178,0,1,2.851042684,3,0,1
35,922,1,1,2.874256229,2,0,1
35,922,0,1,0.8204378203,44,0,1
35,341,1,1,2.872932748,1,0,1
35,341,0,1,0.02762116207,60,0,1
35,810,1,1,2.871361952,1,0,1
35,810,0,1,0.2784456669,56,0,1
36,922,1,1,2.873266955,2,0,1
36,922,0,1,0.8191433965,44,0,1
36,341,1,1,2.871920295,1,1,1
36,341,0,1,0.0272847919,60,0,1
36,810,1,1,2.870353653,1,0,1
36,810,0,1,0.2773844796,56,0,1
36,625,0,1,2.869504181,1,0,1
36,625,1,1,-0.7213970399,76,0,1
38,922,1,1,2.873265292,2,0,1
38,922,0,1,0.8190342712,44,0,1
38,341,1,1,2.871932469,1,1,1
38,341,0,1,0.02725851234,60,0,1
38,810,1,1,2.870371365,1,0,1
38,810,0,1,0.2773692741,56,0,1
38,625,0,1,2.869519511,1,0,1
38,625,1,1,-0.7214006683,76,0,1
40,922,1,1,2.873263946,2,0,1
40,922,0,1,0.8190949545,44,0,1
40,341,1,1,2.871940582,1,1,1
40,341,0,1,0.02728448993,60,0,1
40,810,1,1,2.870371634,1,0,1
40,810,0,1,0.2773691163,56,0,1
40,625,0,1,2.86952591,1,0,1
40,625,1,1,-0.7214232942,76,0,1
42,922,1,1,2.87326448,2,0,1
42,922,0,1,0.819077879,44,0,1
42,341,1,1,2.871931684,1,1,1
42,341,0,1,0.02727122268,60,0,1
42,810,1,1,2.87036121,1,0,1
42,810,0,1,0.2773839313,56,0,1
42,625,0,1,2.869514859,1,0,1
42,625,1,1,-0.7213759035,76,0,1
44,922,1,1,2.873267505,2,0,1
44,922,0,1,0.8190485157,44,0,1
44,341,1,1,2.871928627,1,1,1
44,341,0,1,0.0272748786,60,0,1
44,810,1,1,2.870357594,1,0,1
44,810,0,1,0.2773613091,56,0,1
44,625,0,1,2.86951451,1,0,1
44,625,1,1,-0.7213966262,76,0,1
46,922,1,1,2.873269464,2,0,1
46,922,0,1,0.8190947314,44,0,1
46,341,1,1,2.871925492,1,1,1
46,341,0,1,0.02727805415,60,0,1
46,810,1,1,2.870352797,1,0,1
46,810,0,1,0.2773829614,56,0,1
46,625,0,1,2.869509326,1,0,1
46,625,1,1,-0.7214033205,76,0,1
48,922,1,1,2.873269786,2,0,1
48,922,0,1,0.8190449141,44,0,1
48,341,1,1,2.87192803,1,1,1
48,341,0,1,0.02727389205,60,0,1
48,810,1,1,2.87035547,1,0,1
48,810,0,1,0.2773665729,56,0,1
48,625,0,1,2.869509668,1,0,1
48,625,1,1,-0.7213841242,76,0,1
50,922,1,1,2.873268345,2,0,1
50,922,0,1,0.8190841835,44,0,1
50,341,1,1,2.871928147,1,1,1
50,341,0,1,0.02728036699,60,0,1
50,810,1,1,2.870354289,1,0,1
50,810,0,1,0.2773751448,56,0,1
50,625,0,1,2.869513295,1,0,1
50,625,1,1,-0.7213944159,76,0,1
52,922,1,1,2.873268157,2,0,1
52,922,0,1,0.8190576745,44,0,1
52,341,1,1,2.871930003,1,1,1
52,341,0,1,0.02727389568,60,0,1
52,810,1,1,2.870356746,1,0,1
52,810,0,1,0.2773734911,56,0,1
52,625,0,1,2.869511027,1,0,1
52,625,1,1,-0.7213962109,76,0,1
54,922,1,1,2.873267848,2,0,1
54,922,0,1,0.8190649507,44,0,1
54,341,1,1,2.87192914,1,1,1
54,341,0,1,0.02727835298,60,0,1
54,810,1,1,2.87035528,1,0,1
54,810,0,1,0.2773699219,56,0,1
54,625,0,1,2.869513189,1,0,1
54,625,1,1,-0.7213894666,76,0,1
55,922,1,1,2.870571315,2,0,1
55,922,0,1,0.8123645759,44,0,1
55,810,1,1,2.867655064,1,1,1
55,810,0,1,0.2755226547,56,0,1
55,625,0,1,2.866799169,1,0,1
55,625,1,1,-0.7212313646,82,0,1
55,587,0,1,2.866734736,2,0,1
55,587,1,1,1.888357319,35,0,1
57,922,1,1,2.870569773,2,0,1
57,922,0,1,0.8123752958,44,0,1
57,810,1,1,2.867645189,1,1,1
57,810,0,1,0.2755346566,56,0,1
57,625,0,1,2.866806169,1,0,1
57,625,1,1,-0.7229167553,76,0,1
57,587,0,1,2.866731044,2,0,1
57,587,1,1,1.888337451,35,0,1
59,922,1,1,2.870577221,2,0,1
59,922,0,1,0.812371509,44,0,1
59,810,1,1,2.867643893,1,1,1
59,810,0,1,0.2755340816,56,0,1
59,625,0,1,2.866804176,1,0,1
59,625,1,1,-0.7228850897,76,0,1
59,587,0,1,2.866746527,2,0,1
59,587,1,1,1.888337864,35,0,1
61,922,1,1,2.870580279,2,0,1
61,922,0,1,0.8123759722,44,0,1
61,810,1,1,2.867633042,1,1,1
61,810,0,1,0.2755300021,56,0,1
61,625,0,1,2.86680249,1,0,1
61,625,1,1,-0.7228580535,76,0,1
61,587,0,1,2.866743387,2,0,1
61,587,1,1,1.888324339,35,0,1
63,922,1,1,2.870579855,2,0,1
63,922,0,1,0.8123643264,44,0,1
63,810,1,1,2.867634785,1,1,1
63,810,0,1,0.2755362795,56,0,1
63,625,0,1,2.866803696,1,0,1
63,625,1,1,-0.7228927181,76,0,1
63,587,0,1,2.866747295,2,0,1
63,587,1,1,1.888338715,35,0,1
65,922,1,1,2.870575662,2,0,1
65,922,0,1,0.8123709641,44,0,1
65,810,1,1,2.867639894,1,1,1
65,810,0,1,0.2755286081,56,0,1
65,625,0,1,2.866806881,1,0,1
65,625,1,1,-0.7228885359,76,0,1
65,587,0,1,2.866747718,2,0,1
65,587,1,1,1.888326769,35,0,1
67,922,1,1,2.870575279,2,0,1
67,922,0,1,0.8123642139,44,0,1
67,810,1,1,2.867643145,1,1,1
67,810,0,1,0.2755350914,56,0,1
67,625,0,1,2.866811338,1,0,1
67,625,1,1,-0.7228680106,76,0,1
67,587,0,1,2.866746474,2,0,1
67,587,1,1,1.888333794,35,0,1
69,922,1,1,2.870573356,2,0,1
69,922,0,1,0.8123663707,44,0,1
69,810,1,1,2.867642995,1,1,1
69,810,0,1,0.2755300209,56,0,1
69,625,0,1,2.866810981,1,0,1
69,625,1,1,-0.7228891747,76,0,1
69,587,0,1,2.866742763,2,0,1
69,587,1,1,1.888332408,35,0,1
71,922,1,1,2.870571116,2,0,1
71,922,0,1,0.8123689982,44,0,1
71,810,1,1,2.867645275,1,1,1
71,810,0,1,0.275533528,56,0,1
71,625,0,1,2.866814544,1,0,1
71,625,1,1,-0.722882085,76,0,1
71,587,0,1,2.866743695,2,0,1
71,587,1,1,1.888327737,35,0,1
73,922,1,1,2.870572444,2,0,1
73,922,0,1,0.8123611359,44,0,1
73,810,1,1,2.867646952,1,1,1
73,810,0,1,0.2755307603,56,0,1
73,625,0,1,2.86681396,1,0,1
73,625,1,1,-0.7228747379,76,0,1
73,587,0,1,2.866744099,2,0,1
73,587,1,1,1.888329223,35,0,1
74,922,1,1,2.86628855,2,0,1
74,922,0,1,0.8108278699,44,0,1
74,625,0,1,2.862529254,1,1,1
74,625,1,1,-0.7265971384,76,0,1
74,587,0,1,2.862480388,2,0,1
74,587,1,1,1.884559468,35,0,1
74,206,1,1,2.862368427,1,0,1
74,206,0,1,-0.106603236,55,0,1
76,922,1,1,2.86628167,2,0,1
76,922,0,1,0.8108132668,44,0,1
76,625,0,1,2.862523641,1,1,1
76,625,1,1,-0.726655177,76,0,1
76,587,0,1,2.862472551,2,0,1
76,587,1,1,1.884524505,35,0,1
76,206,1,1,2.862363864,1,0,1
76,206,0,1,-0.1065976445,55,0,1
78,922,1,1,2.866281728,2,0,1
78,922,0,1,0.8108106722,44,0,1
78,625,0,1,2.862530246,1,1,1
78,625,1,1,-0.7265994097,76,0,1
78,587,0,1,2.862478933,2,0,1
78,587,1,1,1.884548699,35,0,1
78,206,1,1,2.862357381,1,0,1
78,206,0,1,-0.1066164496,55,0,1
80,922,1,1,2.866279673,2,0,1
80,922,0,1,0.8108320661,44,0,1
80,625,0,1,2.862532638,1,1,1
80,625,1,1,-0.726599902,76,0,1
80,587,0,1,2.86247233,2,0,1
80,587,1,1,1.884530666,35,0,1
80,206,1,1,2.862358674,1,0,1
80,206,0,1,-0.106612247,55,0,1
82,922,1,1,2.866276108,2,0,1
82,922,0,1,0.8108081863,44,0,1
82,625,0,1,2.862541018,1,1,1
82,625,1,1,-0.7266361351,76,0,1
82,587,0,1,2.862475165,2,0,1
82,587,1,1,1.884548781,35,0,1
82,206,1,1,2.862358695,1,0,1
82,206,0,1,-0.1066055495,55,0,1
84,922,1,1,2.866269513,2,0,1
84,922,0,1,0.8108318495,44,0,1
84,625,0,1,2.862544661,1,1,1
84,625,1,1,-0.7266140023,76,0,1
84,587,0,1,2.862470287,2,0,1
84,587,1,1,1.884529532,35,0,1
84,206,1,1,2.862359034,1,0,1
84,206,0,1,-0.1066142177,55,0,1
86,922,1,1,2.866266068,2,0,1
86,922,0,1,0.8108143341,44,0,1
86,625,0,1,2.862552536,1,1,1
86,625,1,1,-0.7266129905,76,0,1
86,587,0,1,2.862465844,2,0,1
86,587,1,1,1.884544521,35,0,1
86,206,1,1,2.862368311,1,0,1
86,206,0,1,-0.1066070576,55,0,1
88,922,1,1,2.866265429,2,0,1
88,922,0,1,0.8108186219,44,0,1
88,625,0,1,2.862555181,1,1,1
88,625,1,1,-0.7266266036,76,0,1
88,587,0,1,2.862463687,2,0,1
88,587,1,1,1.88454198,35,0,1
88,206,1,1,2.862368912,1,0,1
88,206,0,1,-0.1066103465,55,0,1
90,922,1,1,2.866264571,2,0,1
90,922,0,1,0.81082622,44,0,1
90,625,0,1,2.862556529,1,1,1
90,625,1,1,-0.7266146779,76,0,1
90,587,0,1,2.862464413,2,0,1
90,587,1,1,1.884535157,35,0,1
90,206,1,1,2.862369578,1,0,1
90,206,0,1,-0.106612364,55,0,1
92,922,1,1,2.866264126,2,0,1
92,922,0,1,0.8108125711,44,0,1
92,625,0,1,2.86255678,1,1,1
92,625,1,1,-0.7266178753,76,0,1
92,587,0,1,2.862462992,2,0,1
92,587,1,1,1.884538382,35,0,1
92,206,1,1,2.862369611,1,0,1
92,206,0,1,-0.1066091707,55,0,1
93,922,1,1,2.861144692,2,0,1
93,922,0,1,0.8063399672,44,0,1
93,587,0,1,2.857326948,2,0,1
93,587,1,1,1.880527074,35,0,1
93,206,1,1,2.857356894,1,1,1
93,206,0,1,-0.111010274,55,0,1
93,790,1,1,2.857310864,1,0,1
93,790,0,1,0.7142962757,46,0,1
95,922,1,1,2.861137722,2,0,1
95,922,0,1,0.8063325712,44,0,1
95,587,0,1,2.857324982,2,0,1
95,587,1,1,1.880512697,35,0,1
95,206,1,1,2.857373089,1,1,1
95,206,0,1,-0.1110195581,55,0,1
95,790,1,1,2.857305859,1,0,1
95,790,0,1,0.714293329,46,0,1
97,922,1,1,2.861126492,2,0,1
97,922,0,1,0.8063557927,44,0,1
97,587,0,1,2.857317039,2,0,1
97,587,1,1,1.880503276,35,0,1
97,206,1,1,2.857388375,1,1,1
97,206,0,1,-0.1110386143,55,0,1
97,790,1,1,2.857311398,1,0,1
97,790,0,1,0.7142983235,46,0,1
99,922,1,1,2.861132163,2,0,1
99,922,0,1,0.8063608584,44,0,1
99,587,0,1,2.857328487,2,0,1
99,587,1,1,1.880502032,35,0,1
99,206,1,1,2.857397377,1,1,1
99,206,0,1,-0.1110238301,55,0,1
99,790,1,1,2.857308996,1,0,1
99,790,0,1,0.7143049687,46,0,1
101,922,1,1,2.86113736,2,0,1
101,922,0,1,0.8063623162,44,0,1
101,587,0,1,2.857339512,2,0,1
101,587,1,1,1.8805099,35,0,1
101,206,1,1,2.857391764,1,1,1
101,206,0,1,-0.1110314903,55,0,1
101,790,1,1,2.857307568,1,0,1
101,790,0,1,0.714298789,46,0,1
103,922,1,1,2.861141396,2,0,1
103,922,0,1,0.8063611291,44,0,1
103,587,0,1,2.857347913,2,0,1
103,587,1,1,1.880499721,35,0,1
103,206,1,1,2.857384182,1,1,1
103,206,0,1,-0.1110248832,55,0,1
103,790,1,1,2.857300218,1,0,1
103,790,0,1,0.7142962194,46,0,1
105,922,1,1,2.861150994,2,0,1
105,922,0,1,0.8063631478,44,0,1
105,587,0,1,2.857356189,2,0,1
105,587,1,1,1.880515151,35,0,1
105,206,1,1,2.85737835,1,1,1
105,206,0,1,-0.111026013,55,0,1
105,790,1,1,2.857291898,1,0,1
105,790,0,1,0.7142942804,46,0,1
107,922,1,1,2.861158896,2,0,1
107,922,0,1,0.8063626722,44,0,1
107,587,0,1,2.857362582,2,0,1
107,587,1,1,1.880502784,35,0,1
107,206,1,1,2.857368004,1,1,1
107,206,0,1,-0.1110267734,55,0,1
107,790,1,1,2.857279972,1,0,1
107,790,0,1,0.7143021362,46,0,1
109,922,1,1,2.861161772,2,0,1
109,922,0,1,0.8063636847,44,0,1
109,587,0,1,2.85736497,2,0,1
109,587,1,1,1.88050949,35,0,1
109,206,1,1,2.857360834,1,1,1
109,206,0,1,-0.1110287904,55,0,1
109,790,1,1,2.857274721,1,0,1
109,790,0,1,0.714295141,46,0,1
111,922,1,1,2.861167861,2,0,1
111,922,0,1,0.8063628361,44,0,1
111,587,0,1,2.857369566,2,0,1
111,587,1,1,1.880506377,35,0,1
111,206,1,1,2.85735751,1,1,1
111,206,0,1,-0.1110272757,55,0,1
111,790,1,1,2.857272765,1,0,1
111,790,0,1,0.7143026971,46,0,1
112,922,1,1,2.856026429,2,0,1
112,922,0,1,0.7902134406,44,0,1
112,587,0,1,2.852175941,2,0,1
112,587,1,1,1.875468241,35,0,1
112,790,1,1,2.852169039,1,0,1
112,790,0,1,0.7049214164,52,0,1
112,897,1,1,2.852024728,0,1,1
112,897,0,1,-1.520879044,114,0,1
114,922,1,1,2.856023764,2,0,1
114,922,0,1,0.7902509917,44,0,1
114,587,0,1,2.852182185,2,0,1
114,587,1,1,1.875488659,35,0,1
114,790,1,1,2.85217658,1,1,1
114,790,0,1,0.7049005178,52,0,1
114,481,1,1,2.852021694,1,0,1
114,481,0,1,2.590198328,50,0,1
116,922,1,1,2.856045101,2,0,1
116,922,0,1,0.7903269635,44,0,1
116,790,1,1,2.852127858,1,0,1
116,790,0,1,0.7057386625,46,0,1
116,587,0,1,2.852206098,2,0,1
116,587,1,1,1.87543231,35,0,1
116,897,1,1,2.852069654,0,1,1
116,897,0,1,-1.52108307,114,0,1
118,922,1,1,2.856045594,2,0,1
118,922,0,1,0.7902380762,44,0,1
118,587,0,1,2.852205791,2,0,1
118,587,1,1,1.87548184,35,0,1
118,790,1,1,2.85215975,1,0,1
118,790,0,1,0.70490202,52,0,1
118,897,1,1,2.85207861,0,1,1
118,897,0,1,-1.520634583,114,0,1
120,922,1,1,2.856053467,2,0,1
120,922,0,1,0.7902347013,44,0,1
120,587,0,1,2.85221631,2,0,1
120,587,1,1,1.875468879,35,0,1
120,790,1,1,2.852141431,1,0,1
120,790,0,1,0.7057459769,46,0,1
120,897,1,1,2.852103801,0,1,1
120,897,0,1,-1.520880846,114,0,1
122,922,1,1,2.856045148,2,0,1
122,922,0,1,0.7902843797,44,0,1
122,587,0,1,2.852211599,2,0,1
122,587,1,1,1.875451351,35,0,1
122,790,1,1,2.85218659,1,0,1
122,790,0,1,0.7049110292,52,0,1
122,897,1,1,2.852126272,0,1,1
122,897,0,1,-1.521111997,114,0,1
124,922,1,1,2.856040129,2,0,1
124,922,0,1,0.7902935143,44,0,1
124,587,0,1,2.852216506,2,0,1
124,587,1,1,1.875471357,35,0,1
124,790,1,1,2.852179706,1,0,1
124,790,0,1,0.7049105008,52,0,1
124,897,1,1,2.852106814,0,1,1
124,897,0,1,-1.520861912,114,0,1
126,922,1,1,2.856038733,2,0,1
126,922,0,1,0.7902478043,44,0,1
126,587,0,1,2.852224857,2,0,1
126,587,1,1,1.875446461,35,0,1
126,790,1,1,2.852173537,1,0,1
126,790,0,1,0.7048803832,52,0,1
126,897,1,1,2.85213361,0,1,1
126,897,0,1,-1.520747173,114,0,1
128,922,1,1,2.856040378,2,0,1
128,922,0,1,0.7902736164,44,0,1
128,587,0,1,2.852221821,2,0,1
128,587,1,1,1.875457453,35,0,1
128,790,1,1,2.852173652,1,0,1
128,790,0,1,0.7057637854,46,0,1
128,897,1,1,2.852140871,0,1,1
128,897,0,1,-1.520915315,114,0,1
130,922,1,1,2.856037633,2,0,1
130,922,0,1,0.7902830479,44,0,1
130,587,0,1,2.852225595,2,0,1
130,587,1,1,1.875465214,35,0,1
130,790,1,1,2.852193877,1,0,1
130,790,0,1,0.7049061882,52,0,1
130,897,1,1,2.852131206,0,1,1
130,897,0,1,-1.52101676,114,0,1
131,922,1,1,2.850784449,2,0,1
131,922,0,1,0.7823336287,45,0,1
131,587,0,1,2.846983059,2,0,1
131,587,1,1,1.868332323,39,0,1
131,790,1,1,2.846954588,1,1,1
131,790,0,1,0.699527792,52,0,1
131,481,1,1,2.846763513,1,0,1
131,481,0,1,2.590161522,50,0,1
133,922,1,1,2.850838421,2,0,1
133,922,0,1,0.7852676554,44,0,1
133,587,0,1,2.847019614,2,0,1
133,587,1,1,1.871035032,35,0,1
133,897,1,1,2.846944021,0,1,1
133,897,0,1,-1.526327285,114,0,1
133,481,1,1,2.846780504,1,0,1
133,481,0,1,2.578810491,50,0,1
135,922,1,1,2.850845476,2,0,1
135,922,0,1,0.7853444799,44,0,1
135,587,0,1,2.847026436,2,0,1
135,587,1,1,1.871008721,35,0,1
135,897,1,1,2.846919485,0,1,1
135,897,0,1,-1.526590017,114,0,1
135,481,1,1,2.846777121,1,0,1
135,481,0,1,2.578827779,50,0,1
137,922,1,1,2.850841949,2,0,1
137,922,0,1,0.7852968378,44,0,1
137,587,0,1,2.84701606,2,0,1
137,587,1,1,1.871032003,35,0,1
137,897,1,1,2.846937897,0,1,1
137,897,0,1,-1.526348243,114,0,1
137,481,1,1,2.846769086,1,0,1
137,481,0,1,2.578823636,50,0,1
139,922,1,1,2.850857683,2,0,1
139,922,0,1,0.7852727644,44,0,1
139,587,0,1,2.847017032,2,0,1
139,587,1,1,1.871054357,35,0,1
139,897,1,1,2.846935131,0,1,1
139,897,0,1,-1.526153714,114,0,1
139,481,1,1,2.846763293,1,0,1
139,481,0,1,2.578815807,50,0,1
141,922,1,1,2.850825385,2,0,1
141,922,0,1,0.7853319125,44,0,1
141,587,0,1,2.846994314,2,0,1
141,587,1,1,1.871045624,35,0,1
141,897,1,1,2.846941986,0,1,1
141,897,0,1,-1.526580044,114,0,1
141,481,1,1,2.846782395,1,0,1
141,481,0,1,2.578823091,50,0,1
143,922,1,1,2.850831696,2,0,1
143,922,0,1,0.7853270857,44,0,1
143,587,0,1,2.847002109,2,0,1
143,587,1,1,1.871069299,35,0,1
143,897,1,1,2.846921979,0,1,1
143,897,0,1,-1.526464165,114,0,1
143,481,1,1,2.846780034,1,0,1
143,481,0,1,2.578821297,50,0,1
145,922,1,1,2.850851641,2,0,1
145,922,0,1,0.7852848832,44,0,1
145,587,0,1,2.847025874,2,0,1
145,587,1,1,1.871058228,35,0,1
145,897,1,1,2.846928858,0,1,1
145,897,0,1,-1.526250607,114,0,1
145,481,1,1,2.846764634,1,0,1
145,481,0,1,2.57881116,50,0,1
147,922,1,1,2.850844815,2,0,1
147,922,0,1,0.785304586,44,0,1
147,587,0,1,2.847019911,2,0,1
147,587,1,1,1.871031823,35,0,1
147,897,1,1,2.84692337,0,1,1
147,897,0,1,-1.526358545,114,0,1
147,481,1,1,2.846799514,1,0,1
147,481,0,1,2.578817613,50,0,1
149,922,1,1,2.850845473,2,0,1
149,922,0,1,0.7853305411,44,0,1
149,587,0,1,2.847016856,2,0,1
149,587,1,1,1.871052443,35,0,1
149,897,1,1,2.846935985,0,1,1
149,897,0,1,-1.526567579,114,0,1
149,481,1,1,2.846791984,1,0,1
149,481,0,1,2.578819209,50,0,1
150,922,1,1,2.845589484,2,0,1
150,922,0,1,0.7773972722,45,0,1
150,587,0,1,2.841773509,2,0,1
150,587,1,1,1.863494424,40,0,1
150,481,1,1,2.841557393,1,1,1
150,481,0,1,2.578722806,50,0,1
150,833,0,1,2.841089227,1,0,1
150,833,1,1,0.4693201903,89,0,1
152,922,1,1,2.845566204,2,0,1
152,922,0,1,0.776917633,44,0,1
152,587,0,1,2.841745387,2,0,1
152,587,1,1,1.864353086,35,0,1
152,481,1,1,2.841518804,1,1,1
152,481,0,1,2.578723693,50,0,1
152,833,0,1,2.841053675,1,0,1
152,833,1,1,0.4693160284,89,0,1
154,922,1,1,2.845563473,2,0,1
154,922,0,1,0.7769282317,44,0,1
154,587,0,1,2.841754466,2,0,1
154,587,1,1,1.864340132,35,0,1
154,481,1,1,2.841537794,1,1,1
154,481,0,1,2.578719153,50,0,1
154,833,0,1,2.841049493,1,0,1
154,833,1,1,0.4693312242,89,0,1
156,922,1,1,2.845574656,2,0,1
156,922,0,1,0.7769606638,44,0,1
156,587,0,1,2.84176816,2,0,1
156,587,1,1,1.864331423,35,0,1
156,481,1,1,2.841542172,1,1,1
156,481,0,1,2.578715583,50,0,1
156,833,0,1,2.841062778,1,0,1
156,833,1,1,0.4693531726,89,0,1
158,922,1,1,2.845575189,2,0,1
158,922,0,1,0.7769030273,44,0,1
158,587,0,1,2.84177381,2,0,1
158,587,1,1,1.864336669,35,0,1
158,481,1,1,2.841538314,1,1,1
158,481,0,1,2.578708195,50,0,1
158,833,0,1,2.841045951,1,0,1
158,833,1,1,0.4693533242,89,0,1
160,922,1,1,2.845574446,2,0,1
160,922,0,1,0.7769238386,44,0,1
160,587,0,1,2.841769014,2,0,1
160,587,1,1,1.864334384,35,0,1
160,481,1,1,2.841532699,1,1,1
160,481,0,1,2.578714325,50,0,1
160,833,0,1,2.841042367,1,0,1
160,833,1,1,0.4693544009,89,0,1
162,922,1,1,2.845574762,2,0,1
162,922,0,1,0.7769123107,44,0,1
162,587,0,1,2.841766468,2,0,1
162,587,1,1,1.864331769,35,0,1
162,481,1,1,2.841528916,1,1,1
162,481,0,1,2.57871141,50,0,1
162,833,0,1,2.841044677,1,0,1
162,833,1,1,0.4693548988,89,0,1
164,922,1,1,2.845576846,2,0,1
164,922,0,1,0.7769166181,44,0,1
164,587,0,1,2.841769601,2,0,1
164,587,1,1,1.864342246,35,0,1
164,481,1,1,2.841530876,1,1,1
164,481,0,1,2.578711445,50,0,1
164,833,0,1,2.841046655,1,0,1
164,833,1,1,0.4693512175,89,0,1
166,922,1,1,2.845575892,2,0,1
166,922,0,1,0.7769301995,44,0,1
166,587,0,1,2.841768584,2,0,1
166,587,1,1,1.86433511,35,0,1
166,481,1,1,2.841527986,1,1,1
166,481,0,1,2.578713415,50,0,1
166,833,0,1,2.841044331,1,0,1
166,833,1,1,0.4693484438,89,0,1
168,922,1,1,2.845574865,2,0,1
168,922,0,1,0.7769143755,44,0,1
168,587,0,1,2.841765596,2,0,1
168,587,1,1,1.86434755,35,0,1
168,481,1,1,2.841528992,1,1,1
168,481,0,1,2.578710412,50,0,1
168,833,0,1,2.841051511,1,0,1
168,833,1,1,0.4693456482,89,0,1
169,922,1,1,2.840236842,2,0,1
169,922,0,1,0.7741520133,45,0,1
169,833,0,1,2.838195933,0,1,1
169,833,1,1,-1.745977649,103,0,1
169,587,0,1,2.836426978,2,0,1
169,587,1,1,1.860011538,40,0,1
169,180,0,1,2.835545077,1,0,1
169,180,1,1,0.2784126535,89,0,1
171,922,1,1,2.83975018,2,0,1
171,922,0,1,0.7711059561,44,0,1
171,481,1,1,2.83817031,1,1,1
171,481,0,1,2.538375413,50,0,1
171,587,0,1,2.835914268,2,0,1
171,587,1,1,1.85982644,35,0,1
171,180,0,1,2.835076822,1,0,1
171,180,1,1,0.2704989443,89,0,1
173,922,1,1,2.842166714,2,0,1
173,922,0,1,0.7783294649,45,0,1
173,587,0,1,2.838303671,2,0,1
173,587,1,1,1.864862505,35,0,1
173,897,1,1,2.838210436,0,1,1
173,897,0,1,-1.534098649,114,0,1
173,180,0,1,2.837459655,1,0,1
173,180,1,1,0.2633391567,89,0,1
175,922,1,1,2.841969414,2,0,1
175,922,0,1,0.7852307538,44,0,1
175,206,1,1,2.8382194,1,1,1
175,206,0,1,-0.1605310415,55,0,1
175,587,0,1,2.83816455,2,0,1
175,587,1,1,1.863156716,35,0,1
175,180,0,1,2.837338673,1,0,1
175,180,1,1,0.2654591319,89,0,1
177,922,1,1,2.842092573,2,0,1
177,922,0,1,0.7745266258,44,0,1
177,587,0,1,2.838245504,2,0,1
177,587,1,1,1.86254384,35,0,1
177,790,1,1,2.838178349,1,1,1
177,790,0,1,0.6923465598,52,0,1
177,180,0,1,2.837431669,1,0,1
177,180,1,1,0.2769059484,89,0,1
179,922,1,1,2.842153445,2,0,1
179,922,0,1,0.7778128854,44,0,1
179,587,0,1,2.838296293,2,0,1
179,587,1,1,1.864865999,35,0,1
179,897,1,1,2.83817601,0,1,1
179,897,0,0,0,-1,0,1
179,180,0,1,2.837497192,1,0,1
179,180,1,1,0.2623019418,89,0,1
181,922,1,1,2.842159895,2,0,1
181,922,0,1,0.7779052272,44,0,1
181,587,0,1,2.838294164,2,0,1
181,587,1,1,1.86485375,35,0,1
181,897,1,1,2.83817436,0,1,1
181,897,0,0,0,-1,0,1
181,180,0,1,2.837537494,1,0,1
181,180,1,1,0.2621092379,89,0,1
183,922,1,1,2.842173638,2,0,1
183,922,0,1,0.7778862122,44,0,1
183,587,0,1,2.838290658,2,0,1
183,587,1,1,1.86486908,35,0,1
183,897,1,1,2.838201325,0,1,1
183,897,0,1,-1.534057244,114,0,1
183,180,0,1,2.837521982,1,0,1
183,180,1,1,0.2619784673,89,0,1
185,922,1,1,2.842154352,2,0,1
185,922,0,1,0.7778543812,44,0,1
185,587,0,1,2.838270915,2,0,1
185,587,1,1,1.864899235,35,0,1
185,897,1,1,2.838240541,0,1,1
185,897,0,0,0,-1,0,1
185,180,0,1,2.837521734,1,0,1
185,180,1,1,0.2618094771,89,0,1
187,922,1,1,2.842169275,2,0,1
187,922,0,1,0.7778827521,44,0,1
187,587,0,1,2.838292632,2,0,1
187,587,1,1,1.864878799,35,0,1
187,897,1,1,2.838225146,0,1,1
187,897,0,1,-1.534140632,114,0,1
187,180,0,1,2.837552146,1,0,1
187,180,1,1,0.2616536404,89,0,1
188,922,1,1,2.836891819,2,0,1
188,922,0,1,0.7695000538,44,0,1
188,587,0,1,2.833021557,2,0,1
188,587,1,1,1.857318216,40,0,1
188,180,0,1,2.832240746,2,0,1
188,180,1,1,0.26854914,89,0,1
188,639,1,1,2.832014506,1,1,1
188,639,0,1,0.4740008718,53,0,1
190,922,1,1,2.836907346,2,0,1
190,922,0,1,0.7694974687,44,0,1
190,587,0,1,2.833019317,3,0,1
190,587,1,1,1.857323947,40,0,1
190,180,0,1,2.832243172,2,0,1
190,180,1,1,0.2688055559,89,0,1
190,639,1,1,2.832017022,1,1,1
190,639,0,1,0.4740738905,53,0,1
192,922,1,1,2.836889333,2,0,1
192,922,0,1,0.7700853568,45,0,1
192,587,0,1,2.833041891,2,0,1
192,587,1,1,1.858117579,35,0,1
192,180,0,1,2.832182239,1,1,1
192,180,1,1,0.2690678911,89,0,1
192,639,1,1,2.831969721,1,0,1
192,639,0,1,0.4739903209,53,0,1
194,922,1,1,2.83689321,2,0,1
194,922,0,1,0.7695158885,44,0,1
194,587,0,1,2.833034971,2,0,1
194,587,1,1,1.858114344,35,0,1
194,180,0,1,2.83224949,1,1,1
194,180,1,1,0.2691721617,89,0,1
194,639,1,1,2.832003097,1,0,1
194,639,0,1,0.4739710936,53,0,1
196,922,1,1,2.836920428,2,0,1
196,922,0,1,0.7700595827,45,0,1
196,587,0,1,2.833070257,2,0,1
196,587,1,1,1.858155139,35,0,1
196,180,0,1,2.832265757,2,0,1
196,180,1,1,0.2692448559,89,0,1
196,639,1,1,2.831966148,1,1,1
196,639,0,1,0.4739950191,53,0,1
198,922,1,1,2.83689067,2,0,1
198,922,0,1,0.7700964814,45,0,1
198,587,0,1,2.833048296,2,0,1
198,587,1,1,1.858104769,35,0,1
198,180,0,1,2.832174719,1,1,1
198,180,1,1,0.269150369,89,0,1
198,639,1,1,2.831976501,1,0,1
198,639,0,1,0.4740807376,53,0,1
200,922,1,1,2.836914403,2,0,1
200,922,0,1,0.7700293866,45,0,1
200,587,0,1,2.833060384,2,0,1
200,587,1,1,1.85814455,35,0,1
200,180,0,1,2.832257587,1,1,1
200,180,1,1,0.2691466999,89,0,1
200,639,1,1,2.831985202,1,0,1
200,639,0,1,0.4739529011,53,0,1
202,922,1,1,2.836917078,2,0,1
202,922,0,1,0.769538534,44,0,1
202,587,0,1,2.833060786,2,0,1
202,587,1,1,1.858142663,35,0,1
202,180,0,1,2.832246894,1,1,1
202,180,1,1,0.2691129663,89,0,1
202,639,1,1,2.831974067,1,0,1
202,639,0,1,0.4739456528,53,0,1
204,922,1,1,2.836879297,2,0,1
204,922,0,1,0.7700637644,45,0,1
204,587,0,1,2.833020754,2,0,1
204,587,1,1,1.858122212,35,0,1
204,180,0,1,2.832223386,2,0,1
204,180,1,1,0.2691260744,89,0,1
204,639,1,1,2.831977408,1,1,1
204,639,0,1,0.4740495215,53,0,1
206,922,1,1,2.836895996,2,0,1
206,922,0,1,0.7695124649,44,0,1
206,587,0,1,2.833056864,2,0,1
206,587,1,1,1.858131724,35,0,1
206,180,0,1,2.832189333,1,1,1
206,180,1,1,0.2690501821,89,0,1
206,639,1,1,2.831997688,1,0,1
206,639,0,1,0.4740464435,53,0,1
207,922,1,1,2.830945621,2,0,1
207,922,0,1,0.7622619859,44,0,1
207,587,0,1,2.827116064,2,0,1
207,587,1,1,1.852249212,35,0,1
207,639,1,1,2.826018079,1,1,1
207,639,0,1,0.4703137735,53,0,1
207,709,0,1,2.82514946,1,0,1
207,709,1,1,0.6607320815,61,0,1
209,922,1,1,2.830965189,2,0,1
209,922,0,1,0.7622833193,44,0,1
209,587,0,1,2.827101025,2,0,1
209,587,1,1,1.852130897,35,0,1
209,639,1,1,2.82601678,1,1,1
209,639,0,1,0.470296352,53,0,1
209,709,0,1,2.825159853,1,0,1
209,709,1,1,0.6607506544,61,0,1
211,922,1,1,2.83095502,2,0,1
211,922,0,1,0.7627929632,45,0,1
211,587,0,1,2.827101225,2,0,1
211,587,1,1,1.852211467,35,0,1
211,639,1,1,2.825974198,1,1,1
211,639,0,1,0.4703019697,53,0,1
211,709,0,1,2.825122879,1,0,1
211,709,1,1,0.6607737737,61,0,1
213,922,1,1,2.83097044,2,0,1
213,922,0,1,0.762262077,44,0,1
213,587,0,1,2.82711518,2,0,1
213,587,1,1,1.852167482,35,0,1
213,639,1,1,2.825962317,1,1,1
213,639,0,1,0.4703039939,53,0,1
213,709,0,1,2.825127715,1,0,1
213,709,1,1,0.660757467,61,0,1
215,922,1,1,2.830954862,2,0,1
215,922,0,1,0.7622489207,44,0,1
215,587,0,1,2.827107041,2,0,1
215,587,1,1,1.852187725,35,0,1
215,639,1,1,2.825973366,1,1,1
215,639,0,1,0.470329827,53,0,1
215,709,0,1,2.825115421,1,0,1
215,709,1,1,0.6607655659,61,0,1
217,922,1,1,2.83094807,2,0,1
217,922,0,1,0.7627812886,45,0,1
217,587,0,1,2.827087286,2,0,1
217,587,1,1,1.852177069,35,0,1
217,639,1,1,2.825967806,1,1,1
217,639,0,1,0.4702724488,53,0,1
217,709,0,1,2.825126025,1,0,1
217,709,1,1,0.6607621024,61,0,1
219,922,1,1,2.83093065,2,0,1
219,922,0,1,0.7627930171,45,0,1
219,587,0,1,2.827073621,2,0,1
219,587,1,1,1.852180327,35,0,1
219,639,1,1,2.825977623,1,1,1
219,639,0,1,0.4703326434,53,0,1
219,709,0,1,2.825119784,1,0,1
219,709,1,1,0.6607758784,61,0,1
221,922,1,1,2.830943816,2,0,1
221,922,0,1,0.7627784907,45,0,1
221,587,0,1,2.827089966,2,0,1
221,587,1,1,1.852190614,35,0,1
221,639,1,1,2.825993311,1,1,1
221,639,0,1,0.470294795,53,0,1
221,709,0,1,2.82513087,1,0,1
221,709,1,1,0.6607649371,61,0,1
223,922,1,1,2.830949128,2,0,1
223,922,0,1,0.7627926384,45,0,1
223,587,0,1,2.827092981,2,0,1
223,587,1,1,1.852177516,35,0,1
223,639,1,1,2.825981321,1,1,1
223,639,0,1,0.4702996543,53,0,1
223,709,0,1,2.825126745,1,0,1
223,709,1,1,0.6607654317,61,0,1
225,922,1,1,2.830945507,2,0,1
225,922,0,1,0.7627865793,45,0,1
225,587,0,1,2.827088732,2,0,1
225,587,1,1,1.852190339,35,0,1
225,639,1,1,2.825976709,1,1,1
225,639,0,1,0.4703182587,53,0,1
225,709,0,1,2.825118468,1,0,1
225,709,1,1,0.6607699222,61,0,1
226,922,1,1,2.824692324,2,0,1
226,922,0,1,0.7550304161,44,0,1
226,587,0,1,2.820819039,2,0,1
226,587,1,1,1.846558028,35,0,1
226,709,0,1,2.818878565,1,1,1
226,709,1,1,0.6580372322,61,0,1
226,794,0,1,2.81866346,1,0,1
226,794,1,1,-0.9622945366,70,0,1
228,922,1,1,2.824659859,2,0,1
228,922,0,1,0.755077775,44,0,1
228,587,0,1,2.82078449,2,0,1
228,587,1,1,1.845608647,40,0,1
228,709,0,1,2.81894891,1,1,1
228,709,1,1,0.6580583066,61,0,1
228,794,0,1,2.818684789,1,0,1
228,794,1,1,-0.9622939499,70,0,1
230,922,1,1,2.824653067,2,0,1
230,922,0,1,0.7555932038,45,0,1
230,587,0,1,2.820777458,2,0,1
230,587,1,1,1.846488065,35,0,1
230,709,0,1,2.818937321,1,1,1
230,709,1,1,0.6580797321,61,0,1
230,794,0,1,2.818688604,1,0,1
230,794,1,1,-0.9622882073,70,0,1
232,922,1,1,2.824687083,2,0,1
232,922,0,1,0.7550483966,44,0,1
232,587,0,1,2.820813226,2,0,1
232,587,1,1,1.846535014,35,0,1
232,709,0,1,2.818907768,1,1,1
232,709,1,1,0.6580582395,61,0,1
232,794,0,1,2.81866277,1,0,1
232,794,1,1,-0.9622876703,70,0,1
234,922,1,1,2.824689528,2,0,1
234,922,0,1,0.7550652009,44,0,1
234,587,0,1,2.820815775,2,0,1
234,587,1,1,1.846501967,35,0,1
234,709,0,1,2.81889171,1,1,1
234,709,1,1,0.6580854435,61,0,1
234,794,0,1,2.818646457,1,0,1
234,794,1,1,-0.9622844307,70,0,1
236,922,1,1,2.824674677,2,0,1
236,922,0,1,0.7555759662,45,0,1
236,587,0,1,2.820802794,2,0,1
236,587,1,1,1.846531698,35,0,1
236,709,0,1,2.818882356,1,1,1
236,709,1,1,0.6580793121,61,0,1
236,794,0,1,2.81864809,1,0,1
236,794,1,1,-0.9622863344,70,0,1
238,922,1,1,2.824676175,2,0,1
238,922,0,1,0.755063234,44,0,1
238,587,0,1,2.820800296,2,0,1
238,587,1,1,1.846521685,35,0,1
238,709,0,1,2.818897386,1,1,1
238,709,1,1,0.6580792877,61,0,1
238,794,0,1,2.818660136,1,0,1
238,794,1,1,-0.9622928939,70,0,1
240,922,1,1,2.824670787,2,0,1
240,922,0,1,0.755585906,45,0,1
240,587,0,1,2.820798241,2,0,1
240,587,1,1,1.846519296,35,0,1
240,709,0,1,2.818895499,1,1,1
240,709,1,1,0.6580869732,61,0,1
240,794,0,1,2.818655974,1,0,1
240,794,1,1,-0.9622902011,70,0,1
242,922,1,1,2.824680303,2,0,1
242,922,0,1,0.7555635017,45,0,1
242,587,0,1,2.820803994,2,0,1
242,587,1,1,1.846517721,35,0,1
242,709,0,1,2.818900043,1,1,1
242,709,1,1,0.6580719076,61,0,1
242,794,0,1,2.818657126,1,0,1
242,794,1,1,-0.9622965096,70,0,1
244,922,1,1,2.824682287,2,0,1
244,922,0,1,0.7555832547,45,0,1
244,587,0,1,2.820805623,2,0,1
244,587,1,1,1.846530376,35,0,1
244,709,0,1,2.818890331,1,1,1
244,709,1,1,0.6580786696,61,0,1
244,794,0,1,2.818646219,1,0,1
244,794,1,1,-0.9622952131,70,0,1
245,922,1,1,2.817626889,2,0,1
245,922,0,1,0.7520872353,44,0,1
245,587,0,1,2.813806126,2,0,1
245,587,1,1,1.841942706,35,0,1
245,794,0,1,2.811566525,1,1,1
245,794,1,1,-0.9711691045,71,0,1
245,90,0,1,2.811226839,1,0,1
245,90,1,1,-0.7205269663,61,0,1
247,922,1,1,2.817645337,2,0,1
247,922,0,1,0.7521276,44,0,1
247,587,0,1,2.813824899,2,0,1
247,587,1,1,1.841964655,35,0,1
247,794,0,1,2.811494239,1,1,1
247,794,1,1,-0.9711999495,71,0,1
247,90,0,1,2.811175741,1,0,1
247,90,1,1,-0.7204902177,61,0,1
249,922,1,1,2.817643908,2,0,1
249,922,0,1,0.7521197025,44,0,1
249,587,0,1,2.813822122,2,0,1
249,587,1,1,1.84188743,35,0,1
249,794,0,1,2.811497526,1,1,1
249,794,1,1,-0.971204996,71,0,1
249,90,0,1,2.811194371,1,0,1
249,90,1,1,-0.7205165933,61,0,1
251,922,1,1,2.81761082,2,0,1
251,922,0,1,0.7520636886,44,0,1
251,587,0,1,2.813801258,2,0,1
251,587,1,1,1.84196562,35,0,1
251,794,0,1,2.811509935,1,1,1
251,794,1,1,-0.9712065375,71,0,1
251,90,0,1,2.811203824,1,0,1
251,90,1,1,-0.7205031286,61,0,1
253,922,1,1,2.8175978,2,0,1
253,922,0,1,0.7521127981,44,0,1
253,587,0,1,2.813779541,2,0,1
253,587,1,1,1.841913856,35,0,1
253,794,0,1,2.81154316,1,1,1
253,794,1,1,-0.9712095126,71,0,1
253,90,0,1,2.81124354,1,0,1
253,90,1,1,-0.7205072277,61,0,1
255,922,1,1,2.817598622,2,0,1
255,922,0,1,0.7520548692,44,0,1
255,587,0,1,2.813788128,2,0,1
255,587,1,1,1.841950853,35,0,1
255,794,0,1,2.811560314,1,1,1
255,794,1,1,-0.9712101676,71,0,1
255,90,0,1,2.811245964,1,0,1
255,90,1,1,-0.7205156821,61,0,1
257,922,1,1,2.817601368,2,0,1
257,922,0,1,0.7520949252,44,0,1
257,587,0,1,2.813787457,2,0,1
257,587,1,1,1.841929397,35,0,1
257,794,0,1,2.811550689,1,1,1
257,794,1,1,-0.9712096038,71,0,1
257,90,0,1,2.811243574,1,0,1
257,90,1,1,-0.7204951588,61,0,1
259,922,1,1,2.817606265,2,0,1
259,922,0,1,0.7520738627,44,0,1
259,587,0,1,2.81379198,2,0,1
259,587,1,1,1.841928294,35,0,1
259,794,0,1,2.81154349,1,1,1
259,794,1,1,-0.9712087921,71,0,1
259,90,0,1,2.811232853,1,0,1
259,90,1,1,-0.7205166221,61,0,1
261,922,1,1,2.817606671,2,0,1
261,922,0,1,0.7520653081,44,0,1
261,587,0,1,2.813792249,2,0,1
261,587,1,1,1.841940158,35,0,1
261,794,0,1,2.811535099,1,1,1
261,794,1,1,-0.9712048387,71,0,1
261,90,0,1,2.811229308,1,0,1
261,90,1,1,-0.7205118706,61,0,1
263,922,1,1,2.817621135,2,0,1
263,922,0,1,0.7520783015,44,0,1
263,587,0,1,2.813806192,2,0,1
263,587,1,1,1.841930589,35,0,1
263,794,0,1,2.811532889,1,1,1
263,794,1,1,-0.9712041788,71,0,1
263,90,0,1,2.81121956,1,0,1
263,90,1,1,-0.7205127707,61,0,1
264,922,1,1,2.810314118,2,0,1
264,922,0,1,0.7412201883,45,0,1
264,587,0,1,2.806500583,2,0,1
264,587,1,1,1.834599942,35,0,1
264,90,0,1,2.803870909,1,1,1
264,90,1,1,-0.7286515252,61,0,1
264,748,0,1,2.803780905,2,0,1
264,748,1,1,0.04378108554,55,0,1
266,922,1,1,2.810318097,2,0,1
266,922,0,1,0.7407567298,44,0,1
266,587,0,1,2.80649506,2,0,1
266,587,1,1,1.834627855,35,0,1
266,90,0,1,2.803873775,1,1,1
266,90,1,1,-0.7286382609,61,0,1
266,748,0,1,2.803784349,2,0,1
266,748,1,1,0.04378264641,55,0,1
268,922,1,1,2.810331423,2,0,1
268,922,0,1,0.7407680249,44,0,1
268,587,0,1,2.806517047,2,0,1
268,587,1,1,1.834576386,35,0,1
268,90,0,1,2.803900832,1,1,1
268,90,1,1,-0.728641715,61,0,1
268,748,0,1,2.803801511,2,0,1
268,748,1,1,0.04378504468,55,0,1
270,922,1,1,2.810296284,2,0,1
270,922,0,1,0.7407540902,44,0,1
270,587,0,1,2.806492986,2,0,1
270,587,1,1,1.83462656,35,0,1
270,90,0,1,2.803916242,1,1,1
270,90,1,1,-0.7286402937,61,0,1
270,748,0,1,2.803775174,2,0,1
270,748,1,1,0.0437831891,55,0,1
272,922,1,1,2.810275111,2,0,1
272,922,0,1,0.7407511057,44,0,1
272,587,0,1,2.806466486,2,0,1
272,587,1,1,1.834589815,35,0,1
272,90,0,1,2.803952059,1,1,1
272,90,1,1,-0.7286620698,61,0,1
272,748,0,1,2.803756358,2,0,1
272,748,1,1,0.04321002602,54,0,1
274,922,1,1,2.810258326,2,0,1
274,922,0,1,0.7407280329,44,0,1
274,587,0,1,2.806457076,2,0,1
274,587,1,1,1.834618027,35,0,1
274,90,0,1,2.803975906,1,1,1
274,90,1,1,-0.7286597605,61,0,1
274,748,0,1,2.803732028,2,0,1
274,748,1,1,0.04377637406,55,0,1
276,922,1,1,2.810252699,2,0,1
276,922,0,1,0.7407496464,44,0,1
276,587,0,1,2.806448805,2,0,1
276,587,1,1,1.834591239,35,0,1
276,90,0,1,2.803987054,1,1,1
276,90,1,1,-0.7286513204,61,0,1
276,748,0,1,2.803729521,2,0,1
276,748,1,1,0.04377910141,55,0,1
278,922,1,1,2.810249898,2,0,1
278,922,0,1,0.7407286131,44,0,1
278,587,0,1,2.806445342,2,0,1
278,587,1,1,1.834602871,35,0,1
278,90,0,1,2.803991339,1,1,1
278,90,1,1,-0.728665659,61,0,1
278,748,0,1,2.803723895,2,0,1
278,748,1,1,0.04377708777,55,0,1
280,922,1,1,2.810248022,2,0,1
280,922,0,1,0.7407317845,44,0,1
280,587,0,1,2.806444645,2,0,1
280,587,1,1,1.834604339,35,0,1
280,90,0,1,2.803993184,1,1,1
280,90,1,1,-0.7286620055,61,0,1
280,748,0,1,2.803725706,2,0,1
280,748,1,1,0.04377819586,55,0,1
282,922,1,1,2.810250339,2,0,1
282,922,0,1,0.7407321468,44,0,1
282,587,0,1,2.806446472,2,0,1
282,587,1,1,1.834600552,35,0,1
282,90,0,1,2.803994189,1,1,1
282,90,1,1,-0.7286623929,61,0,1
282,748,0,1,2.80372437,2,0,1
282,748,1,1,0.04376962224,55,0,1
283,922,1,1,2.802573627,2,1,1
283,922,0,1,0.732654238,44,0,1
283,587,0,1,2.798805275,2,0,1
283,587,1,1,1.826829956,35,0,1
283,748,0,1,2.796095643,2,0,1
283,748,1,1,0.03282713625,55,0,1
283,400,0,1,2.795673128,2,0,1
283,400,1,1,0.6985913302,56,0,1
285,587,0,1,2.805242037,2,0,1
285,587,1,1,1.832908874,35,0,1
285,90,0,1,2.802592602,1,1,1
285,90,1,1,-0.7311485692,61,0,1
285,748,0,1,2.802535024,2,0,1
285,748,1,1,0.04165557068,55,0,1
285,400,0,1,2.802136382,2,0,1
285,400,1,1,0.7009664037,56,0,1
287,587,0,1,2.805223427,2,0,1
287,587,1,1,1.832951445,35,0,1
287,90,0,1,2.802643402,1,1,1
287,90,1,1,-0.7311591827,61,0,1
287,748,0,1,2.80252096,2,0,1
287,748,1,1,0.0416237051,55,0,1
287,400,0,1,2.802150852,2,0,1
287,400,1,1,0.7009384127,56,0,1
289,587,0,1,2.805252038,2,0,1
289,587,1,1,1.832951352,35,0,1
289,90,0,1,2.802617014,1,1,1
289,90,1,1,-0.7311451332,61,0,1
289,748,0,1,2.802546438,2,0,1
289,748,1,1,0.04164256992,55,0,1
289,400,0,1,2.802173556,2,0,1
289,400,1,1,0.7009442875,56,0,1
291,587,0,1,2.805250105,2,0,1
291,587,1,1,1.832953167,35,0,1
291,90,0,1,2.80260702,1,1,1
291,90,1,1,-0.7311556882,61,0,1
291,748,0,1,2.802541275,2,0,1
291,748,1,1,0.04164356644,55,0,1
291,400,0,1,2.802172771,2,0,1
291,400,1,1,0.7009374887,56,0,1
293,587,0,1,2.805230805,2,0,1
293,587,1,1,1.832938748,35,0,1
293,90,0,1,2.802617464,1,1,1
293,90,1,1,-0.731157515,61,0,1
293,748,0,1,2.802519257,2,0,1
293,748,1,1,0.04164367899,55,0,1
293,400,0,1,2.802148856,2,0,1
293,400,1,1,0.7009333089,56,0,1
295,587,0,1,2.805213735,2,0,1
295,587,1,1,1.832954427,35,0,1
295,90,0,1,2.802647332,1,1,1
295,90,1,1,-0.7311510944,61,0,1
295,748,0,1,2.802501321,2,0,1
295,748,1,1,0.0416414006,55,0,1
295,400,0,1,2.802138335,2,0,1
295,400,1,1,0.7009298554,56,0,1
297,587,0,1,2.805204147,2,0,1
297,587,1,1,1.83294567,35,0,1
297,90,0,1,2.802661551,1,1,1
297,90,1,1,-0.7311580585,61,0,1
297,748,0,1,2.802489513,2,0,1
297,748,1,1,0.04164292772,55,0,1
297,400,0,1,2.802119873,2,0,1
297,400,1,1,0.7009356422,56,0,1
299,587,0,1,2.805198169,2,0,1
299,587,1,1,1.832945502,35,0,1
299,90,0,1,2.802677773,1,1,1
299,90,1,1,-0.73116365,61,0,1
299,748,0,1,2.80248204,2,0,1
299,748,1,1,0.04164179702,55,0,1
299,400,0,1,2.80212614,2,0,1
299,400,1,1,0.7009326821,56,0,1
301,587,0,1,2.805188178,2,0,1
301,587,1,1,1.832947799,35,0,1
301,90,0,1,2.802683078,1,1,1
301,90,1,1,-0.731164573,61,0,1
301,748,0,1,2.802471078,2,0,1
301,748,1,1,0.04164074792,55,0,1
301,400,0,1,2.802111006,2,0,1
301,400,1,1,0.7009324817,56,0,1
302,587,0,1,2.797556532,2,0,1
302,587,1,1,1.824282939,40,0,1
302,748,0,1,2.794850499,2,0,1
302,748,1,1,0.03072028597,55,0,1
302,400,0,1,2.794409239,2,0,1
302,400,1,1,0.6978157366,56,0,1
302,81,0,1,2.794332946,1,1,1
302,81,1,1,0.4708300082,58,0,1
304,587,0,1,2.797583649,2,0,1
304,587,1,1,1.825171108,35,0,1
304,748,0,1,2.794889519,2,0,1
304,748,1,1,0.03074937462,55,0,1
304,400,0,1,2.794435504,2,0,1
304,400,1,1,0.6978280958,56,0,1
304,81,0,1,2.794321041,1,1,1
304,81,1,1,0.4708618862,58,0,1
306,587,0,1,2.797604356,2,0,1
306,587,1,1,1.825177488,35,0,1
306,748,0,1,2.794937179,2,0,1
306,748,1,1,0.03072351427,55,0,1
306,400,0,1,2.794482055,2,0,1
306,400,1,1,0.697832566,56,0,1
306,81,0,1,2.794282815,1,1,1
306,81,1,1,0.4708594158,58,0,1
308,587,0,1,2.797644311,2,0,1
308,587,1,1,1.825184583,35,0,1
308,748,0,1,2.794962928,2,0,1
308,748,1,1,0.0307409641,55,0,1
308,400,0,1,2.79450929,2,0,1
308,400,1,1,0.6978356131,56,0,1
308,81,0,1,2.794246274,1,1,1
308,81,1,1,0.4708649629,58,0,1
310,587,0,1,2.797635282,2,0,1
310,587,1,1,1.825164804,35,0,1
310,748,0,1,2.794948611,2,0,1
310,748,1,1,0.0307387347,55,0,1
310,400,0,1,2.794493618,2,0,1
310,400,1,1,0.6978102358,56,0,1
310,81,0,1,2.794239889,1,1,1
310,81,1,1,0.4697038186,56,0,1
312,587,0,1,2.797597533,2,0,1
312,587,1,1,1.825198282,35,0,1
312,748,0,1,2.794912102,2,0,1
312,748,1,1,0.0307334543,55,0,1
312,400,0,1,2.794447729,2,0,1
312,400,1,1,0.6978102262,56,0,1
312,81,0,1,2.794264251,1,1,1
312,81,1,1,0.470861783,58,0,1
314,587,0,1,2.797584147,2,0,1
314,587,1,1,1.825173101,35,0,1
314,748,0,1,2.794893012,2,0,1
314,748,1,1,0.03072853084,55,0,1
314,400,0,1,2.794433886,2,0,1
314,400,1,1,0.6978260966,56,0,1
314,81,0,1,2.794299787,1,1,1
314,81,1,1,0.4697028206,56,0,1
316,587,0,1,2.797582527,2,0,1
316,587,1,1,1.825183734,35,0,1
316,748,0,1,2.794879834,2,0,1
316,748,1,1,0.03073444619,55,0,1
316,400,0,1,2.794429506,2,0,1
316,400,1,1,0.6978320579,56,0,1
316,81,0,1,2.794309969,1,1,1
316,81,1,1,0.4696936463,56,0,1
318,587,0,1,2.797585677,2,0,1
318,587,1,1,1.825179993,35,0,1
318,748,0,1,2.794888602,2,0,1
318,748,1,1,0.03073228129,55,0,1
318,400,0,1,2.794434808,2,0,1
318,400,1,1,0.6978329951,56,0,1
318,81,0,1,2.794312893,1,1,1
318,81,1,1,0.4696925341,56,0,1
320,587,0,1,2.797588017,2,0,1
320,587,1,1,1.825186169,35,0,1
320,748,0,1,2.794890385,2,0,1
320,748,1,1,0.03072945276,55,0,1
320,400,0,1,2.794434675,2,0,1
320,400,1,1,0.6978295879,56,0,1
320,81,0,1,2.79430799,1,1,1
320,81,1,1,0.4696935921,56,0,1
321,587,0,1,2.789271923,2,1,1
321,587,1,1,1.817308452,40,0,1
321,748,0,1,2.786593492,2,0,1
321,748,1,1,0.01969185122,55,0,1
321,400,0,1,2.786232467,2,0,1
321,400,1,1,0.6838220085,56,0,1
321,703,0,1,2.785478014,2,0,1
321,703,1,1,0.8600712928,83,0,1
323,748,0,1,2.794920409,1,1,1
323,748,1,0,0,-1,0,1
323,400,0,1,2.78944317,2,0,1
323,400,1,1,0.6918595324,56,0,1
323,81,0,1,2.789327184,1,0,1
323,81,1,1,0.4631611354,58,0,1
323,703,0,1,2.788847301,2,0,1
323,703,1,1,0.8648931172,80,0,1
325,90,0,1,2.794925834,1,1,1
325,90,1,1,-0.7437744858,61,0,1
325,400,0,1,2.794357383,2,0,1
325,400,1,1,0.6924018827,56,0,1
325,81,0,1,2.794260846,1,0,1
325,81,1,1,0.4658270536,58,0,1
325,703,0,1,2.793751331,2,0,1
325,703,1,1,0.8644341272,83,0,1
327,90,0,1,2.794949396,1,1,1
327,90,1,1,-0.7437726815,61,0,1
327,400,0,1,2.794391595,2,0,1
327,400,1,1,0.6923481801,56,0,1
327,81,0,1,2.794300517,1,0,1
327,81,1,1,0.4658333095,58,0,1
327,703,0,1,2.793735776,2,0,1
327,703,1,1,0.8644311343,83,0,1
329,90,0,1,2.794947707,1,1,1
329,90,1,1,-0.7437781147,61,0,1
329,400,0,1,2.794381945,2,0,1
329,400,1,1,0.6923309458,56,0,1
329,81,0,1,2.794284981,1,0,1
329,81,1,1,0.465819321,58,0,1
329,703,0,1,2.793725185,2,0,1
329,703,1,1,0.8644904594,83,0,1
331,90,0,1,2.794923115,1,1,1
331,90,1,1,-0.7437923576,61,0,1
331,400,0,1,2.794377145,2,0,1
331,400,1,1,0.692348409,56,0,1
331,81,0,1,2.794280828,1,0,1
331,81,1,1,0.4658389561,58,0,1
331,703,0,1,2.7937381,2,0,1
331,703,1,1,0.8645423101,83,0,1
333,90,0,1,2.79493995,1,1,1
333,90,1,1,-0.7437834365,61,0,1
333,400,0,1,2.794374532,2,0,1
333,400,1,1,0.6923423183,56,0,1
333,81,0,1,2.794285044,1,0,1
333,81,1,1,0.4658363824,58,0,1
333,703,0,1,2.793741227,2,0,1
333,703,1,1,0.8645349268,83,0,1
335,90,0,1,2.794945982,1,1,1
335,90,1,1,-0.7437939245,61,0,1
335,400,0,1,2.794355976,2,0,1
335,400,1,1,0.6923461675,56,0,1
335,81,0,1,2.794295301,1,0,1
335,81,1,1,0.4658264654,58,0,1
335,703,0,1,2.793718811,2,0,1
335,703,1,1,0.864541084,83,0,1
337,90,0,1,2.79496157,1,1,1
337,90,1,1,-0.743793302,61,0,1
337,400,0,1,2.794349406,2,0,1
337,400,1,1,0.6923467771,56,0,1
337,81,0,1,2.794299886,1,0,1
337,81,1,1,0.46583479,58,0,1
337,703,0,1,2.793712198,2,0,1
337,703,1,1,0.8645766764,83,0,1
339,90,0,1,2.794969994,1,1,1
339,90,1,1,-0.7437961126,61,0,1
339,400,0,1,2.794350494,2,0,1
339,400,1,1,0.6923446077,56,0,1
339,81,0,1,2.794311578,1,0,1
339,81,1,1,0.465830723,58,0,1
339,703,0,1,2.793705311,2,0,1
339,703,1,1,0.8645944441,83,0,1
340,400,0,1,2.786708967,2,0,1
340,400,1,1,0.6892562312,56,0,1
340,81,0,1,2.78668329,1,1,1
340,81,1,1,0.4599671007,58,0,1
340,703,0,1,2.786097851,2,0,1
340,703,1,1,0.8636292347,80,0,1
340,174,0,1,2.785929953,2,0,1
340,174,1,1,-0.8388585222,60,0,1
342,400,0,1,2.786732887,2,0,1
342,400,1,1,0.6892759132,56,0,1
342,81,0,1,2.786667626,1,1,1
342,81,1,1,0.4599982073,58,0,1
342,703,0,1,2.7861001,2,0,1
342,703,1,1,0.8634578928,80,0,1
342,174,0,1,2.785936392,2,0,1
342,174,1,1,-0.838852832,60,0,1
344,400,0,1,2.786787033,2,0,1
344,400,1,1,0.6892809451,56,0,1
344,81,0,1,2.786628874,1,1,1
344,81,1,1,0.4599969286,58,0,1
344,703,0,1,2.786132112,2,0,1
344,703,1,1,0.8632351086,80,0,1
344,174,0,1,2.785965646,2,0,1
344,174,1,1,-0.8388439101,60,0,1
346,400,0,1,2.786816444,2,0,1
346,400,1,1,0.6892791835,56,0,1
346,81,0,1,2.786593418,1,1,1
346,81,1,1,0.4600037001,58,0,1
346,703,0,1,2.786173702,2,0,1
346,703,1,1,0.8631232617,80,0,1
346,174,0,1,2.786009828,2,0,1
346,174,1,1,-0.8388585,60,0,1
348,400,0,1,2.786799719,2,0,1
348,400,1,1,0.6892531204,56,0,1
348,81,0,1,2.786588777,1,1,1
348,81,1,1,0.4599944188,58,0,1
348,703,0,1,2.786141769,2,0,1
348,703,1,1,0.8630548264,80,0,1
348,174,0,1,2.786001425,2,0,1
348,174,1,1,-0.838850897,60,0,1
350,400,0,1,2.786751471,2,0,1
350,400,1,1,0.6892564344,56,0,1
350,81,0,1,2.786613948,1,1,1
350,81,1,1,0.4599993175,58,0,1
350,703,0,1,2.786108379,2,0,1
350,703,1,1,0.8630578031,80,0,1
350,174,0,1,2.785966721,2,0,1
350,174,1,1,-0.8388459711,60,0,1
352,400,0,1,2.786739104,2,0,1
352,400,1,1,0.689269911,56,0,1
352,81,0,1,2.786646886,1,1,1
352,81,1,1,0.4599882955,58,0,1
352,703,0,1,2.786105406,2,0,1
352,703,1,1,0.8630469854,80,0,1
352,174,0,1,2.785949736,2,0,1
352,174,1,1,-0.8388449148,60,0,1
354,400,0,1,2.786735222,2,0,1
354,400,1,1,0.6892763192,56,0,1
354,81,0,1,2.786659074,1,1,1
354,81,1,1,0.4599854307,58,0,1
354,703,0,1,2.786096144,2,0,1
354,703,1,1,0.8630598664,80,0,1
354,174,0,1,2.785955717,2,0,1
354,174,1,1,-0.8388503941,60,0,1
356,400,0,1,2.786740833,2,0,1
356,400,1,1,0.6892771399,56,0,1
356,81,0,1,2.786662141,1,1,1
356,81,1,1,0.4599842106,58,0,1
356,703,0,1,2.786105629,2,0,1
356,703,1,1,0.8630684369,80,0,1
356,174,0,1,2.785966754,2,0,1
356,174,1,1,-0.8388468843,60,0,1
358,400,0,1,2.78674036,2,0,1
358,400,1,1,0.6892728583,56,0,1
358,81,0,1,2.786656337,1,1,1
358,81,1,1,0.4599819102,58,0,1
358,703,0,1,2.786100757,2,0,1
358,703,1,1,0.8630933587,80,0,1
358,174,0,1,2.785963933,2,0,1
358,174,1,1,-0.8388476963,60,0,1
359,400,0,1,2.778606872,2,0,1
359,400,1,1,0.6752730024,56,0,1
359,703,0,1,2.777797205,2,0,1
359,703,1,1,0.8581482234,80,0,1
359,174,0,1,2.777699899,2,0,1
359,174,1,1,-0.846242087,60,0,1
359,654,1,1,2.777492748,1,1,1
359,654,0,1,0.3915398039,53,0,1
361,400,0,1,2.778617047,2,0,1
361,400,1,1,0.6752796614,56,0,1
361,703,0,1,2.777798561,2,0,1
361,703,1,1,0.8577053995,80,0,1
361,174,0,1,2.777718178,2,0,1
361,174,1,1,-0.8462260658,60,0,1
361,654,1,1,2.777491359,1,1,1
361,654,0,1,0.391565163,53,0,1
363,400,0,1,2.778625964,2,0,1
363,400,1,1,0.675258397,56,0,1
363,703,0,1,2.777800038,2,0,1
363,703,1,1,0.8573366245,80,0,1
363,174,0,1,2.777706989,2,0,1
363,174,1,1,-0.8462390082,60,0,1
363,654,1,1,2.777502442,1,1,1
363,654,0,1,0.3915622363,53,0,1
365,400,0,1,2.778675613,2,0,1
365,400,1,1,0.675261648,56,0,1
365,703,0,1,2.777858904,2,0,1
365,703,1,1,0.8593008186,79,0,1
365,174,0,1,2.777760581,2,0,1
365,174,1,1,-0.8445959911,57,0,1
365,654,1,1,2.777505423,1,1,1
365,654,0,1,0.3915701212,53,0,1
367,400,0,1,2.778626917,2,0,1
367,400,1,1,0.6752445691,56,0,1
367,703,0,1,2.777812614,2,0,1
367,703,1,1,0.8591669092,79,0,1
367,174,0,1,2.777725544,2,0,1
367,174,1,1,-0.8445905689,57,0,1
367,654,1,1,2.777499835,1,1,1
367,654,0,1,0.3915729267,53,0,1
369,400,0,1,2.778599605,2,0,1
369,400,1,1,0.6752376563,56,0,1
369,703,0,1,2.777776956,2,0,1
369,703,1,1,0.8590799645,79,0,1
369,174,0,1,2.777700259,2,0,1
369,174,1,1,-0.8445815626,57,0,1
369,654,1,1,2.777545176,1,1,1
369,654,0,1,0.391572622,53,0,1
371,400,0,1,2.778598403,2,0,1
371,400,1,1,0.6752553152,56,0,1
371,703,0,1,2.777776892,2,0,1
371,703,1,1,0.8590376928,79,0,1
371,174,0,1,2.777698499,2,0,1
371,174,1,1,-0.8445947096,57,0,1
371,654,1,1,2.777565473,1,1,1
371,654,0,1,0.391566591,53,0,1
373,400,0,1,2.778608068,2,0,1
373,400,1,1,0.6752590943,56,0,1
373,703,0,1,2.777788777,2,0,1
373,703,1,1,0.8590415442,79,0,1
373,174,0,1,2.777706037,2,0,1
373,174,1,1,-0.8445868733,57,0,1
373,654,1,1,2.777571263,1,1,1
373,654,0,1,0.3915736809,53,0,1
375,400,0,1,2.778601329,2,0,1
375,400,1,1,0.6752520665,56,0,1
375,703,0,1,2.777784755,2,0,1
375,703,1,1,0.8590433397,79,0,1
375,174,0,1,2.777703722,2,0,1
375,174,1,1,-0.8445856675,57,0,1
375,654,1,1,2.777562643,1,1,1
375,654,0,1,0.3915694828,53,0,1
377,400,0,1,2.778607378,2,0,1
377,400,1,1,0.6752535015,56,0,1
377,703,0,1,2.777783765,2,0,1
377,703,1,1,0.8590721975,79,0,1
377,174,0,1,2.777713083,2,0,1
377,174,1,1,-0.8445885966,57,0,1
377,654,1,1,2.777566531,1,1,1
377,654,0,1,0.3915707328,53,0,1
378,400,0,1,2.769514929,2,0,1
378,400,1,1,0.6679737653,56,0,1
378,472,1,1,2.76911203,1,1,1
378,472,0,0,0,-1,0,1
378,703,0,1,2.768671867,2,0,1
378,703,1,1,0.8604640229,75,0,1
378,174,0,1,2.768539033,2,0,1
378,174,1,1,-0.8485784024,57,0,1
380,654,1,1,2.769129983,1,1,1
380,654,0,1,0.3329437977,53,0,1
380,400,0,1,2.766347656,2,0,1
380,400,1,1,0.671602603,56,0,1
380,303,1,1,2.765935182,1,0,1
380,303,0,1,-1.886598493,78,0,1
380,703,0,1,2.76580092,2,0,1
380,703,1,1,0.8448077458,84,0,1
382,400,0,1,2.769521486,2,0,1
382,400,1,1,0.6680118014,56,0,1
382,472,1,1,2.769148376,1,1,1
382,472,0,0,0,-1,0,1
382,703,0,1,2.768703434,2,0,1
382,703,1,1,0.8605254472,75,0,1
382,174,0,1,2.768623914,2,0,1
382,174,1,1,-0.8486362289,57,0,1
384,400,0,1,2.769528397,2,0,1
384,400,1,1,0.6679655743,56,0,1
384,472,1,1,2.769091936,1,1,1
384,472,0,0,0,-1,0,1
384,703,0,1,2.768733088,2,0,1
384,703,1,1,0.8605186999,75,0,1
384,174,0,1,2.768578257,2,0,1
384,174,1,1,-0.8486136877,57,0,1
386,400,0,1,2.769512533,2,0,1
386,400,1,1,0.6679458792,56,0,1
386,472,1,1,2.769180433,1,1,1
386,472,0,0,0,-1,0,1
386,703,0,1,2.768691543,2,0,1
386,703,1,1,0.860501333,75,0,1
386,174,0,1,2.768562169,2,0,1
386,174,1,1,-0.8486188324,57,0,1
388,400,0,1,2.769473417,2,0,1
388,400,1,1,0.6679767461,56,0,1
388,472,1,1,2.769179288,1,1,1
388,472,0,0,0,-1,0,1
388,703,0,1,2.768679378,2,0,1
388,703,1,1,0.8605101599,75,0,1
388,174,0,1,2.768544646,2,0,1
388,174,1,1,-0.8486044347,57,0,1
390,400,0,1,2.769514987,2,0,1
390,400,1,1,0.6679721893,56,0,1
390,472,1,1,2.769190636,1,1,1
390,472,0,0,0,-1,0,1
390,703,0,1,2.768685637,2,0,1
390,703,1,1,0.8604975934,75,0,1
390,174,0,1,2.768550948,2,0,1
390,174,1,1,-0.8486480295,57,0,1
392,400,0,1,2.769524643,2,0,1
392,400,1,1,0.6679664201,56,0,1
392,472,1,1,2.769187252,1,1,1
392,472,0,0,0,-1,0,1
392,703,0,1,2.76869711,2,0,1
392,703,1,1,0.8605037507,75,0,1
392,174,0,1,2.768570361,2,0,1
392,174,1,1,-0.8486132632,57,0,1
394,400,0,1,2.769524245,2,0,1
394,400,1,1,0.6679420025,56,0,1
394,472,1,1,2.769177415,1,1,1
394,472,0,0,0,-1,0,1
394,703,0,1,2.768701094,2,0,1
394,703,1,1,0.8605007961,75,0,1
394,174,0,1,2.768563861,2,0,1
394,174,1,1,-0.8486320786,57,0,1
396,400,0,1,2.769514953,2,0,1
396,400,1,1,0.667970515,56,0,1
396,472,1,1,2.769173071,1,1,1
396,472,0,0,0,-1,0,1
396,703,0,1,2.768692512,2,0,1
396,703,1,1,0.8605064493,75,0,1
396,174,0,1,2.768566734,2,0,1
396,174,1,1,-0.8486255506,57,0,1
397,400,0,1,2.760915012,2,0,1
397,400,1,1,0.6654612009,56,0,1
397,303,1,1,2.760621792,1,1,1
397,303,0,1,-1.895221579,78,0,1
397,703,0,1,2.760275166,2,0,1
397,703,1,1,0.847118126,79,0,1
397,174,0,1,2.760046004,2,0,1
397,174,1,1,-0.8547685625,57,0,1
399,782,0,1,2.761791733,1,1,1
399,782,1,1,-0.308699746,51,0,1
399,472,1,1,2.760492698,1,0,1
399,472,0,0,0,-1,0,1
399,400,0,1,2.759215603,2,0,1
399,400,1,1,0.656488788,56,0,1
399,703,0,1,2.758685861,2,0,1
399,703,1,1,0.858683533,76,0,1
401,303,1,1,2.761788151,1,1,1
401,303,0,0,0,-1,0,1
401,400,0,1,2.755741893,2,0,1
401,400,1,1,0.6475163634,56,0,1
401,703,0,1,2.75521844,2,0,1
401,703,1,1,0.8654805338,76,0,1
401,472,1,1,2.755072439,1,0,1
401,472,0,0,0,-1,0,1
403,472,1,1,2.763334501,1,1,1
403,472,0,0,0,-1,0,1
403,400,0,1,2.761972813,2,0,1
403,400,1,1,0.6606342039,56,0,1
403,81,0,1,2.761803275,1,0,1
403,81,1,1,0.4293416962,58,0,1
403,703,0,1,2.761644593,2,0,1
403,703,1,1,1.18391223,119,0,1
405,90,0,1,2.763342508,1,1,1
405,90,1,1,-0.7824539027,61,0,1
405,400,0,1,2.762657561,2,0,1
405,400,1,1,0.6620397544,56,0,1
405,81,0,1,2.762575605,1,0,1
405,81,1,1,0.4285637233,58,0,1
405,703,0,1,2.762514123,2,0,1
405,703,1,1,1.179455074,122,0,1
407,90,0,1,2.763397459,1,1,1
407,90,1,1,-0.7824601943,61,0,1
407,400,0,1,2.762710069,2,0,1
407,400,1,1,0.6619380844,56,0,1
407,81,0,1,2.762607488,1,0,1
407,81,1,1,0.4285264465,58,0,1
407,703,0,1,2.762535298,2,0,1
407,703,1,1,1.180328329,123,0,1
409,90,0,1,2.763377179,1,1,1
409,90,1,1,-0.7824524644,61,0,1
409,400,0,1,2.762672563,2,0,1
409,400,1,1,0.6619315205,56,0,1
409,81,0,1,2.762590272,1,0,1
409,81,1,1,0.4285344418,58,0,1
409,703,0,1,2.762503596,2,0,1
409,703,1,1,1.179929665,123,0,1
411,90,0,1,2.76335937,1,1,1
411,90,1,1,-0.7824713581,61,0,1
411,400,0,1,2.762687449,2,0,1
411,400,1,1,0.6619416878,56,0,1
411,81,0,1,2.762583832,1,0,1
411,81,1,1,0.4285438556,58,0,1
411,703,0,1,2.762534652,2,0,1
411,703,1,1,1.179794977,123,0,1
413,90,0,1,2.763360148,1,1,1
413,90,1,1,-0.7824833223,61,0,1
413,400,0,1,2.762659581,2,0,1
413,400,1,1,0.6619569871,56,0,1
413,81,0,1,2.762600197,1,0,1
413,81,1,1,0.428536088,58,0,1
413,703,0,1,2.762521089,2,0,1
413,703,1,1,1.17970842,123,0,1
415,90,0,1,2.763377988,1,1,1
415,90,1,1,-0.7824822165,61,0,1
415,400,0,1,2.76266425,2,0,1
415,400,1,1,0.6619510606,56,0,1
415,81,0,1,2.762616816,1,0,1
415,81,1,1,0.4285379028,58,0,1
415,703,0,1,2.762504216,2,0,1
415,703,1,1,1.179667415,123,0,1
416,400,0,1,2.755165728,2,0,1
416,400,1,1,0.6589179973,56,0,1
416,81,0,1,2.755114866,1,1,1
416,81,1,1,0.4227483074,58,0,1
416,703,0,1,2.755000841,2,0,1
416,703,1,1,1.17795671,119,0,1
416,174,0,1,2.754404385,2,0,1
416,174,1,1,-0.8623000281,57,0,1
418,400,0,1,2.755186648,2,0,1
418,400,1,1,0.658910077,56,0,1
418,81,0,1,2.755115616,1,1,1
418,81,1,1,0.4227697334,58,0,1
418,703,0,1,2.755000608,2,0,1
418,703,1,1,1.177920009,119,0,1
418,174,0,1,2.754387992,2,0,1
418,174,1,1,-0.8623059721,57,0,1
420,400,0,1,2.755219835,2,0,1
420,400,1,1,0.658929828,56,0,1
420,81,0,1,2.755077132,1,1,1
420,81,1,1,0.4227684287,58,0,1
420,703,0,1,2.755022179,2,0,1
420,703,1,1,1.177888726,119,0,1
420,174,0,1,2.75439331,2,0,1
420,174,1,1,-0.8639945658,60,0,1
422,400,0,1,2.755246044,2,0,1
422,400,1,1,0.6589510318,56,0,1
422,81,0,1,2.755042479,1,1,1
422,81,1,1,0.4227730877,58,0,1
422,703,0,1,2.755066733,2,0,1
422,703,1,1,1.17788761,119,0,1
422,174,0,1,2.754447889,2,0,1
422,174,1,1,-0.8640103448,60,0,1
424,400,0,1,2.755228641,2,0,1
424,400,1,1,0.6589082613,56,0,1
424,81,0,1,2.755036143,1,1,1
424,81,1,1,0.4227618659,58,0,1
424,703,0,1,2.75503289,2,0,1
424,703,1,1,1.177889746,119,0,1
424,174,0,1,2.754435521,2,0,1
424,174,1,1,-0.864004208,60,0,1
426,400,0,1,2.755181238,2,0,1
426,400,1,1,0.6589083809,56,0,1
426,81,0,1,2.755063341,1,1,1
426,81,1,1,0.4227690145,58,0,1
426,703,0,1,2.754997328,2,0,1
426,703,1,1,1.177890092,119,0,1
426,174,0,1,2.754402817,2,0,1
426,174,1,1,-0.8639934835,60,0,1
428,400,0,1,2.755165766,2,0,1
428,400,1,1,0.6589315774,56,0,1
428,81,0,1,2.755097946,1,1,1
428,81,1,1,0.4227573424,58,0,1
428,703,0,1,2.754993405,2,0,1
428,703,1,1,1.17789135,119,0,1
428,174,0,1,2.754386022,2,0,1
428,174,1,1,-0.8639931805,60,0,1
430,400,0,1,2.755162048,2,0,1
430,400,1,1,0.6589373113,56,0,1
430,81,0,1,2.755108336,1,1,1
430,81,1,1,0.4227525586,58,0,1
430,703,0,1,2.754992402,2,0,1
430,703,1,1,1.177891547,119,0,1
430,174,0,1,2.754391883,2,0,1
430,174,1,1,-0.8640048135,60,0,1
432,400,0,1,2.755170244,2,0,1
432,400,1,1,0.6589343081,56,0,1
432,81,0,1,2.755109265,1,1,1
432,81,1,1,0.4227523769,58,0,1
432,703,0,1,2.755000632,2,0,1
432,703,1,1,1.17789184,119,0,1
432,174,0,1,2.754405009,2,0,1
432,174,1,1,-0.8622935728,57,0,1
434,400,0,1,2.755169413,2,0,1
434,400,1,1,0.6589329096,56,0,1
434,81,0,1,2.755104151,1,1,1
434,81,1,1,0.4227520995,58,0,1
434,703,0,1,2.754992339,2,0,1
434,703,1,1,1.177890034,119,0,1
434,174,0,1,2.75440294,2,0,1
434,174,1,1,-0.8639963217,60,0,1
435,400,0,1,2.747057587,2,1,1
435,400,1,1,0.645074865,56,0,1
435,703,0,1,2.74671129,2,0,1
435,703,1,1,1.176524008,121,0,1
435,174,0,1,2.746158182,2,0,1
435,174,1,1,-0.8696258938,57,0,1
435,347,0,1,2.745756953,3,0,1
435,347,1,1,1.231820357,36,0,1
437,81,0,1,2.747093968,1,1,1
437,81,1,1,0.4084360555,58,0,1
437,703,0,1,2.746822211,2,0,1
437,703,1,1,1.171216648,119,0,1
437,174,0,1,2.746198869,2,0,1
437,174,1,1,-0.8701089663,57,0,1
437,347,0,1,2.745682198,3,0,1
437,347,1,1,1.237279133,36,0,1
439,81,0,1,2.747040496,1,1,1
439,81,1,1,0.4084706564,58,0,1
439,703,0,1,2.746810587,2,0,1
439,703,1,1,1.171499708,119,0,1
439,174,0,1,2.746206335,2,0,1
439,174,1,1,-0.8700742661,57,0,1
439,347,0,1,2.74571722,3,0,1
439,347,1,1,1.237278299,36,0,1
441,81,0,1,2.747061354,1,1,1
441,81,1,1,0.4084826225,58,0,1
441,703,0,1,2.746818439,2,0,1
441,703,1,1,1.171676191,119,0,1
441,174,0,1,2.746220999,2,0,1
441,174,1,1,-0.8700809462,57,0,1
441,347,0,1,2.745688561,3,0,1
441,347,1,1,1.237281413,36,0,1
443,81,0,1,2.747037822,1,1,1
443,81,1,1,0.4084672197,58,0,1
443,703,0,1,2.746836804,2,0,1
443,703,1,1,1.171699111,119,0,1
443,174,0,1,2.746281445,2,0,1
443,174,1,1,-0.8701115489,57,0,1
443,347,0,1,2.745687548,3,0,1
443,347,1,1,1.237277348,36,0,1
445,81,0,1,2.747016818,1,1,1
445,81,1,1,0.408479592,58,0,1
445,703,0,1,2.746846552,2,0,1
445,703,1,1,1.17175898,119,0,1
445,174,0,1,2.746243363,2,0,1
445,174,1,1,-0.8700860421,57,0,1
445,347,0,1,2.745704708,3,0,1
445,347,1,1,1.237294557,36,0,1
447,81,0,1,2.747035015,1,1,1
447,81,1,1,0.4084847214,58,0,1
447,703,0,1,2.746827322,2,0,1
447,703,1,1,1.171817105,119,0,1
447,174,0,1,2.746229475,2,0,1
447,174,1,1,-0.8700941039,57,0,1
447,347,0,1,2.745721386,3,0,1
447,347,1,1,1.237274513,36,0,1
449,81,0,1,2.747060044,1,1,1
449,81,1,1,0.4084639183,58,0,1
449,703,0,1,2.746822976,2,0,1
449,703,1,1,1.171820101,119,0,1
449,174,0,1,2.746229988,2,0,1
449,174,1,1,-0.8700919601,57,0,1
449,347,0,1,2.745737161,3,0,1
449,347,1,1,1.237280774,36,0,1
451,81,0,1,2.747064853,1,1,1
451,81,1,1,0.4084759107,58,0,1
451,703,0,1,2.746812296,2,0,1
451,703,1,1,1.171789206,119,0,1
451,174,0,1,2.746229202,2,0,1
451,174,1,1,-0.8700941754,57,0,1
451,347,0,1,2.74574154,3,0,1
451,347,1,1,1.237294331,36,0,1
453,81,0,1,2.74706838,1,1,1
453,81,1,1,0.4084740341,58,0,1
453,703,0,1,2.746812167,2,0,1
453,703,1,1,1.171774382,119,0,1
453,174,0,1,2.746227061,2,0,1
453,174,1,1,-0.8700933201,57,0,1
453,347,0,1,2.745728547,3,0,1
453,347,1,1,1.237278096,36,0,1
454,703,0,1,2.738668176,2,1,1
454,703,1,1,1.168763825,119,0,1
454,174,0,1,2.738110884,2,0,1
454,174,1,1,-0.8773622644,57,0,1
454,347,0,1,2.737666329,3,0,1
454,347,1,1,1.225254915,36,0,1
454,403,1,1,2.737120847,2,0,1
454,403,0,1,0.7854064131,57,0,1
456,703,0,1,2.73866606,2,1,1
456,703,1,1,1.168760672,119,0,1
456,174,0,1,2.738145188,2,0,1
456,174,1,1,-0.8773598638,57,0,1
456,347,0,1,2.737683078,3,0,1
456,347,1,1,1.225290244,36,0,1
456,403,1,1,2.737233308,2,0,1
456,403,0,1,0.7854022576,57,0,1
458,703,0,1,2.738708808,2,1,1
458,703,1,1,1.168771774,119,0,1
458,174,0,1,2.738151226,2,0,1
458,174,1,1,-0.8773710276,57,0,1
458,347,0,1,2.737651496,3,0,1
458,347,1,1,1.225285587,36,0,1
458,403,1,1,2.737232635,2,0,1
458,403,0,1,0.7853862181,57,0,1
460,703,0,1,2.738717729,2,1,1
460,703,1,1,1.168804231,119,0,1
460,174,0,1,2.738188429,2,0,1
460,174,1,1,-0.8773534845,57,0,1
460,347,0,1,2.737662956,3,0,1
460,347,1,1,1.225313064,36,0,1
460,403,1,1,2.737254048,2,0,1
460,403,0,1,0.7853832996,57,0,1
462,703,0,1,2.738721357,2,1,1
462,703,1,1,1.168789175,119,0,1
462,174,0,1,2.73817376,2,0,1
462,174,1,1,-0.8773532292,57,0,1
462,347,0,1,2.737643285,3,0,1
462,347,1,1,1.225306974,36,0,1
462,403,1,1,2.737251987,2,0,1
462,403,0,1,0.7853912554,57,0,1
464,703,0,1,2.738725796,2,1,1
464,703,1,1,1.168798309,119,0,1
464,174,0,1,2.738178757,2,0,1
464,174,1,1,-0.8773547086,57,0,1
464,347,0,1,2.737665222,3,0,1
464,347,1,1,1.22531834,36,0,1
464,403,1,1,2.737250479,2,0,1
464,403,0,1,0.7853841241,57,0,1
466,703,0,1,2.738724147,2,1,1
466,703,1,1,1.168784752,119,0,1
466,174,0,1,2.738179073,2,0,1
466,174,1,1,-0.8773546347,57,0,1
466,347,0,1,2.737654276,3,0,1
466,347,1,1,1.225306171,36,0,1
466,403,1,1,2.737248082,2,0,1
466,403,0,1,0.7853909391,57,0,1
468,703,0,1,2.738724564,2,1,1
468,703,1,1,1.168789777,119,0,1
468,174,0,1,2.738175327,2,0,1
468,174,1,1,-0.8773527716,57,0,1
468,347,0,1,2.737660236,3,0,1
468,347,1,1,1.225308616,36,0,1
468,403,1,1,2.737250246,2,0,1
468,403,0,1,0.7853851189,57,0,1
470,703,0,1,2.738724751,2,1,1
470,703,1,1,1.168783498,119,0,1
470,174,0,1,2.738180208,2,0,1
470,174,1,1,-0.8773558018,57,0,1
470,347,0,1,2.73765518,3,0,1
470,347,1,1,1.225300555,36,0,1
470,403,1,1,2.73724909,2,0,1
470,403,0,1,0.7853894391,57,0,1
472,703,0,1,2.738726666,2,1,1
472,703,1,1,1.168786093,119,0,1
472,174,0,1,2.738178848,2,0,1
472,174,1,1,-0.8773524093,57,0,1
472,347,0,1,2.737657396,3,0,1
472,347,1,1,1.225305759,36,0,1
472,403,1,1,2.737253123,2,0,1
472,403,0,1,0.7853865374,57,0,1
473,174,0,1,2.729759077,2,0,1
473,174,1,1,-0.8835921606,57,0,1
473,347,0,1,2.729201463,3,0,1
473,347,1,1,1.219228165,36,0,1
473,403,1,1,2.728761108,2,0,1
473,403,0,1,0.7765702087,57,0,1
473,192,0,1,2.728576639,1,1,1
473,192,1,1,1.182176896,108,0,1
475,174,0,1,2.729719737,2,0,1
475,174,1,1,-0.8835729575,57,0,1
475,347,0,1,2.729231068,3,0,1
475,347,1,1,1.219413282,36,0,1
475,403,1,1,2.728744468,2,0,1
475,403,0,1,0.7765606434,57,0,1
475,192,0,1,2.728580919,1,1,1
475,192,1,1,1.18216639,108,0,1
477,174,0,1,2.729638395,2,0,1
477,174,1,1,-0.8835675073,57,0,1
477,347,0,1,2.729279209,3,0,1
477,347,1,1,1.219345186,36,0,1
477,403,1,1,2.728652131,2,0,1
477,403,0,1,0.7765671754,57,0,1
477,192,0,1,2.728584328,1,1,1
477,192,1,1,1.182235311,108,0,1
479,174,0,1,2.729713167,2,0,1
479,174,1,1,-0.8835814081,57,0,1
479,347,0,1,2.729217292,3,0,1
479,347,1,1,1.219340698,36,0,1
479,403,1,1,2.728703915,2,0,1
479,403,0,1,0.776537521,57,0,1
479,192,0,1,2.728574305,1,1,1
479,192,1,1,1.182227594,108,0,1
481,174,0,1,2.729718382,2,0,1
481,174,1,1,-0.8835837022,57,0,1
481,347,0,1,2.729245397,3,0,1
481,347,1,1,1.219354859,36,0,1
481,403,1,1,2.728673417,2,0,1
481,403,0,1,0.7765622898,57,0,1
481,192,0,1,2.728552966,1,1,1
481,192,1,1,1.182234279,108,0,1
483,174,0,1,2.729669889,2,0,1
483,174,1,1,-0.8835812677,57,0,1
483,347,0,1,2.729262799,3,0,1
483,347,1,1,1.219346179,36,0,1
483,403,1,1,2.728637287,2,0,1
483,403,0,1,0.7765498913,57,0,1
483,192,0,1,2.728557977,1,1,1
483,192,1,1,1.182251322,108,0,1
485,174,0,1,2.729691863,2,0,1
485,174,1,1,-0.8835750328,57,0,1
485,347,0,1,2.729252789,3,0,1
485,347,1,1,1.219368082,36,0,1
485,403,1,1,2.728668679,2,0,1
485,403,0,1,0.7765387355,57,0,1
485,192,0,1,2.728579982,1,1,1
485,192,1,1,1.182226342,108,0,1
487,174,0,1,2.729697249,2,0,1
487,174,1,1,-0.8835826401,57,0,1
487,347,0,1,2.729239393,3,0,1
487,347,1,1,1.21933068,36,0,1
487,403,1,1,2.728662943,2,0,1
487,403,0,1,0.7765475296,57,0,1
487,192,0,1,2.728564378,1,1,1
487,192,1,1,1.182232159,108,0,1
489,174,0,1,2.729695303,2,0,1
489,174,1,1,-0.8835736908,57,0,1
489,347,0,1,2.729251183,3,0,1
489,347,1,1,1.219356841,36,0,1
489,403,1,1,2.728660421,2,0,1
489,403,0,1,0.7765441047,57,0,1
489,192,0,1,2.728553604,1,1,1
489,192,1,1,1.182243651,108,0,1
491,174,0,1,2.729709133,2,0,1
491,174,1,1,-0.8835849818,57,0,1
491,347,0,1,2.729234783,3,0,1
491,347,1,1,1.219358883,36,0,1
491,403,1,1,2.7286731,2,0,1
491,403,0,1,0.7765351788,57,0,1
491,192,0,1,2.728568578,1,1,1
491,192,1,1,1.182229798,108,0,1
492,174,0,1,2.719568265,2,0,1
492,174,1,1,-0.8908348499,57,0,1
492,347,0,1,2.718999767,3,0,1
492,347,1,1,1.208333722,36,0,1
492,403,1,1,2.718745029,2,0,1
492,403,0,1,0.7685712597,57,0,1
492,571,1,1,2.717829252,1,1,1
492,571,0,1,0.3384092553,76,0,1
494,174,0,1,2.719532549,2,0,1
494,174,1,1,-0.8908715949,57,0,1
494,347,0,1,2.719030657,3,0,1
494,347,1,1,1.208365273,36,0,1
494,403,1,1,2.718646087,2,0,1
494,403,0,1,0.7686109704,57,0,1
494,571,1,1,2.717831883,1,1,1
494,571,0,1,0.3384554426,76,0,1
496,174,0,1,2.719528192,2,0,1
496,174,1,1,-0.8908076126,57,0,1
496,347,0,1,2.71902037,3,0,1
496,347,1,1,1.20833871,36,0,1
496,403,1,1,2.718606744,2,0,1
496,403,0,1,0.7686565644,57,0,1
496,571,1,1,2.71784875,1,1,1
496,571,0,1,0.3384429061,76,0,1
498,174,0,1,2.719565179,2,0,1
498,174,1,1,-0.8908274653,57,0,1
498,347,0,1,2.718998903,3,0,1
498,347,1,1,1.208334726,36,0,1
498,403,1,1,2.718638167,2,0,1
498,403,0,1,0.7686435967,57,0,1
498,571,1,1,2.717795351,1,1,1
498,571,0,1,0.3384211151,76,0,1
500,174,0,1,2.719566504,2,0,1
500,174,1,1,-0.8908530316,57,0,1
500,347,0,1,2.718988245,3,0,1
500,347,1,1,1.208277397,36,0,1
500,403,1,1,2.718628612,2,0,1
500,403,0,1,0.7686708178,57,0,1
500,571,1,1,2.717768179,1,1,1
500,571,0,1,0.3384196575,76,0,1
502,174,0,1,2.719582328,2,0,1
502,174,1,1,-0.8908470388,57,0,1
502,347,0,1,2.71897574,3,0,1
502,347,1,1,1.208342931,36,0,1
502,403,1,1,2.718626555,2,0,1
502,403,0,1,0.7686774928,57,0,1
502,571,1,1,2.71773981,1,1,1
502,571,0,1,0.3384285303,76,0,1
504,174,0,1,2.71962666,2,0,1
504,174,1,1,-0.8908427007,57,0,1
504,347,0,1,2.718933306,3,0,1
504,347,1,1,1.208311466,36,0,1
504,403,1,1,2.718676492,2,0,1
504,403,0,1,0.7686663909,57,0,1
504,571,1,1,2.717729249,1,1,1
504,571,0,1,0.3384174806,76,0,1
506,174,0,1,2.719634498,2,0,1
506,174,1,1,-0.8908310311,57,0,1
506,347,0,1,2.718919012,3,0,1
506,347,1,1,1.20829054,36,0,1
506,403,1,1,2.718678245,2,0,1
506,403,0,1,0.7686747688,57,0,1
506,571,1,1,2.717686938,1,1,1
506,571,0,1,0.3384164572,76,0,1
508,174,0,1,2.719648012,2,0,1
508,174,1,1,-0.8908439938,57,0,1
508,347,0,1,2.718929608,3,0,1
508,347,1,1,1.208313088,36,0,1
508,403,1,1,2.718679153,2,0,1
508,403,0,1,0.7686752311,57,0,1
508,571,1,1,2.717670376,1,1,1
508,571,0,1,0.3384196174,76,0,1
510,174,0,1,2.719637208,2,0,1
510,174,1,1,-0.8908440518,57,0,1
510,347,0,1,2.71893268,3,0,1
510,347,1,1,1.208311662,36,0,1
510,403,1,1,2.718679202,2,0,1
510,403,0,1,0.7686678917,57,0,1
510,571,1,1,2.717668241,1,1,1
510,571,0,1,0.3384227093,76,0,1
511,174,0,1,2.708949137,2,1,1
511,174,1,1,-0.8970677088,57,0,1
511,347,0,1,2.70839503,3,0,1
511,347,1,1,1.192087367,36,0,1
511,403,1,1,2.707932716,2,0,1
511,403,0,1,0.7627961437,57,0,1
511,717,1,1,2.706884577,3,0,1
511,717,0,1,-0.1943221603,53,0,1
513,347,0,1,2.710114812,3,0,1
513,347,1,1,1.201415361,36,0,1
513,403,1,1,2.709490629,2,0,1
513,403,0,1,0.7647183878,57,0,1
513,571,1,1,2.708908368,1,1,1
513,571,0,1,0.3384358762,76,0,1
513,717,1,1,2.708707435,3,0,1
513,717,0,1,-0.1977120045,53,0,1
515,347,0,1,2.71003134,3,0,1
515,347,1,1,1.201432168,36,0,1
515,403,1,1,2.70953102,2,0,1
515,403,0,1,0.7647420712,57,0,1
515,571,1,1,2.708771317,1,1,1
515,571,0,1,0.3384512067,76,0,1
515,717,1,1,2.70858422,3,0,1
515,717,0,1,-0.1977684728,53,0,1
517,347,0,1,2.709969061,3,0,1
517,347,1,1,1.201418339,36,0,1
517,403,1,1,2.709556878,2,0,1
517,403,0,1,0.7646862029,57,0,1
517,571,1,1,2.7087286,1,1,1
517,571,0,1,0.338446826,76,0,1
517,717,1,1,2.708534955,3,0,1
517,717,0,1,-0.1977380946,53,0,1
519,347,0,1,2.709917063,3,0,1
519,347,1,1,1.201387231,36,0,1
519,403,1,1,2.709638045,2,0,1
519,403,0,1,0.7647230664,57,0,1
519,571,1,1,2.708677561,1,1,1
519,571,0,1,0.3384355213,76,0,1
519,717,1,1,2.708507379,3,0,1
519,717,0,1,-0.1977246988,53,0,1
521,347,0,1,2.709963405,3,0,1
521,347,1,1,1.201434806,36,0,1
521,403,1,1,2.709622484,2,0,1
521,403,0,1,0.7647181091,57,0,1
521,571,1,1,2.708637948,1,1,1
521,571,0,1,0.3384719553,76,0,1
521,717,1,1,2.708537022,3,0,1
521,717,0,1,-0.1977219602,53,0,1
523,347,0,1,2.709960946,3,0,1
523,347,1,1,1.201423049,36,0,1
523,403,1,1,2.709624036,2,0,1
523,403,0,1,0.7647027484,57,0,1
523,571,1,1,2.708615859,1,1,1
523,571,0,1,0.3384547068,76,0,1
523,717,1,1,2.708534867,3,0,1
523,717,0,1,-0.1977279976,53,0,1
525,347,0,1,2.709942908,3,0,1
525,347,1,1,1.201398079,36,0,1
525,403,1,1,2.709613952,2,0,1
525,403,0,1,0.7647129798,57,0,1
525,571,1,1,2.708656897,1,1,1
525,571,0,1,0.3384561284,76,0,1
525,717,1,1,2.708520235,3,0,1
525,717,0,1,-0.1977338776,53,0,1
527,347,0,1,2.709952315,3,0,1
527,347,1,1,1.201427333,36,0,1
527,403,1,1,2.709633515,2,0,1
527,403,0,1,0.7647179252,57,0,1
527,571,1,1,2.708645159,1,1,1
527,571,0,1,0.3384607252,76,0,1
527,717,1,1,2.708533516,3,0,1
527,717,0,1,-0.1977175328,53,0,1
529,347,0,1,2.709957768,3,0,1
529,347,1,1,1.201423884,36,0,1
529,403,1,1,2.709624727,2,0,1
529,403,0,1,0.764709288,57,0,1
529,571,1,1,2.708645026,1,1,1
529,571,0,1,0.3384600219,76,0,1
529,717,1,1,2.708540021,3,0,1
529,717,0,1,-0.1977240004,53,0,1
530,347,0,1,2.699390178,3,0,1
530,347,1,1,1.18507786,36,0,1
530,403,1,1,2.698844139,2,1,1
530,403,0,1,0.758885675,57,0,1
530,717,1,1,2.698135237,2,0,1
530,717,0,1,-0.2053067026,53,0,1
530,119,1,1,2.697816885,2,0,1
530,119,0,1,1.065076639,98,0,1
532,347,0,1,2.700245303,3,0,1
532,347,1,1,1.191747303,41,0,1
532,717,1,1,2.698822915,3,0,1
532,717,0,1,-0.2059008969,53,0,1
532,571,1,1,2.698673414,1,1,1
532,571,0,1,0.3384383353,76,0,1
532,119,1,1,2.698582805,2,0,1
532,119,0,1,1.071580756,93,0,1
534,347,0,1,2.700183558,3,0,1
534,347,1,1,1.191067028,36,0,1
534,717,1,1,2.698705028,3,0,1
534,717,0,1,-0.2059519727,53,0,1
534,571,1,1,2.698655781,1,1,1
534,571,0,1,0.3384577975,76,0,1
534,119,1,1,2.698580888,1,0,1
534,119,0,1,1.071231199,92,0,1
536,347,0,1,2.700182016,3,0,1
536,347,1,1,1.191065641,36,0,1
536,717,1,1,2.698661323,3,0,1
536,717,0,1,-0.205928293,53,0,1
536,571,1,1,2.698599801,1,0,1
536,571,0,1,0.3384901781,76,0,1
536,119,1,1,2.698623141,1,1,1
536,119,0,1,1.071224419,92,0,1
538,347,0,1,2.70018449,3,0,1
538,347,1,1,1.190962497,36,0,1
538,717,1,1,2.698710056,3,0,1
538,717,0,1,-0.2059050082,53,0,1
538,571,1,1,2.698618272,1,0,1
538,571,0,1,0.3384519069,76,0,1
538,119,1,1,2.69863046,1,1,1
538,119,0,1,1.071228334,92,0,1
540,347,0,1,2.700246748,3,0,1
540,347,1,1,1.191139523,36,0,1
540,717,1,1,2.698811965,3,0,1
540,717,0,1,-0.2059077414,53,0,1
540,571,1,1,2.69860126,1,1,1
540,571,0,1,0.3385091898,76,0,1
540,119,1,1,2.698550679,1,0,1
540,119,0,1,1.071235701,92,0,1
542,347,0,1,2.700202852,3,0,1
542,347,1,1,1.191083322,36,0,1
542,717,1,1,2.698791241,3,0,1
542,717,0,1,-0.2059096448,53,0,1
542,119,1,1,2.698587695,1,1,1
542,119,0,1,1.071229408,92,0,1
542,571,1,1,2.698549901,1,0,1
542,571,0,1,0.338535236,76,0,1
544,347,0,1,2.700158207,3,0,1
544,347,1,1,1.190968054,36,0,1
544,717,1,1,2.698700175,3,0,1
544,717,0,1,-0.2059282127,53,0,1
544,119,1,1,2.698642083,1,0,1
544,119,0,1,1.071228715,92,0,1
544,571,1,1,2.698667887,1,1,1
544,571,0,1,0.338493364,76,0,1
546,347,0,1,2.700243864,3,0,1
546,347,1,1,1.191172841,36,0,1
546,717,1,1,2.698799836,3,0,1
546,717,0,1,-0.2059364174,53,0,1
546,119,1,1,2.698562321,1,0,1
546,119,0,1,1.071229169,92,0,1
546,571,1,1,2.698617935,1,1,1
546,571,0,1,0.3385496832,76,0,1
548,347,0,1,2.70020005,3,0,1
548,347,1,1,1.191015262,36,0,1
548,717,1,1,2.69874923,3,0,1
548,717,0,1,-0.2059171103,53,0,1
548,119,1,1,2.698560534,1,1,1
548,119,0,1,1.071224667,92,0,1
548,571,1,1,2.698552583,1,0,1
548,571,0,1,0.3385242248,76,0,1
549,347,0,1,2.689363234,3,0,1
549,347,1,1,1.171192525,36,0,1
549,717,1,1,2.687831433,3,0,1
549,717,0,1,-0.2146254959,53,0,1
549,571,1,1,2.687589503,1,1,1
549,571,0,1,0.3212648083,76,0,1
549,768,0,1,2.687349446,1,0,1
549,768,1,1,-0.1348177428,58,0,1
551,347,0,1,2.689493358,3,0,1
551,347,1,1,1.171234317,36,0,1
551,717,1,1,2.687902226,3,0,1
551,717,0,1,-0.2146376781,53,0,1
551,571,1,1,2.687533086,1,1,1
551,571,0,1,0.3213080089,76,0,1
551,768,0,1,2.687290828,1,0,1
551,768,1,1,-0.1348405141,58,0,1
553,347,0,1,2.68941645,3,0,1
553,347,1,1,1.171140228,36,0,1
553,717,1,1,2.687830087,3,0,1
553,717,0,1,-0.2146181338,53,0,1
553,571,1,1,2.687600132,1,1,1
553,571,0,1,0.3212850464,76,0,1
553,768,0,1,2.687395438,1,0,1
553,768,1,1,-0.134811931,58,0,1
555,347,0,1,2.689373006,3,0,1
555,347,1,1,1.171166969,36,0,1
555,717,1,1,2.687812627,3,0,1
555,717,0,1,-0.2145810894,53,0,1
555,571,1,1,2.687633077,1,1,1
555,571,0,1,0.3212822146,76,0,1
555,768,0,1,2.687346008,1,0,1
555,768,1,1,-0.1347567248,58,0,1
557,347,0,1,2.689361264,3,0,1
557,347,1,1,1.171111091,36,0,1
557,717,1,1,2.687793612,3,0,1
557,717,0,1,-0.2145932957,53,0,1
557,571,1,1,2.687518067,1,1,1
557,571,0,1,0.3213060461,76,0,1
557,768,0,1,2.687297582,1,0,1
557,768,1,1,-0.1348032637,58,0,1
559,347,0,1,2.689318374,3,0,1
559,347,1,1,1.171169564,36,0,1
559,717,1,1,2.68777347,3,0,1
559,717,0,1,-0.2145898067,53,0,1
559,571,1,1,2.687456344,1,1,1
559,571,0,1,0.3212879114,76,0,1
559,768,0,1,2.687270193,1,0,1
559,768,1,1,-0.1348304563,58,0,1
561,347,0,1,2.68927649,3,0,1
561,347,1,1,1.171108297,36,0,1
561,717,1,1,2.687723984,3,0,1
561,717,0,1,-0.2145944708,53,0,1
561,571,1,1,2.687470387,1,1,1
561,571,0,1,0.3212825699,76,0,1
561,768,0,1,2.687271657,1,0,1
561,768,1,1,-0.134817195,58,0,1
563,347,0,1,2.689280948,3,0,1
563,347,1,1,1.171139596,36,0,1
563,717,1,1,2.68772622,3,0,1
563,717,0,1,-0.2145796204,53,0,1
563,571,1,1,2.687412574,1,1,1
563,571,0,1,0.3212929119,76,0,1
563,768,0,1,2.687227725,1,0,1
563,768,1,1,-0.1348157996,58,0,1
565,347,0,1,2.689277778,3,0,1
565,347,1,1,1.171141497,36,0,1
565,717,1,1,2.687728373,3,0,1
565,717,0,1,-0.2145783811,53,0,1
565,571,1,1,2.687410362,1,1,1
565,571,0,1,0.3212775291,76,0,1
565,768,0,1,2.687207684,1,0,1
565,768,1,1,-0.1348252089,58,0,1
567,347,0,1,2.689277747,3,0,1
567,347,1,1,1.171122059,36,0,1
567,717,1,1,2.687719624,3,0,1
567,717,0,1,-0.2145916316,53,0,1
567,571,1,1,2.687406687,1,1,1
567,571,0,1,0.3212858704,76,0,1
567,768,0,1,2.687196865,1,0,1
567,768,1,1,-0.1348214876,58,0,1
568,347,0,1,2.678355869,3,0,1
568,347,1,1,1.153716798,36,0,1
568,717,1,1,2.676757781,3,0,1
568,717,0,1,-0.2222994923,53,0,1
568,768,0,1,2.67619924,1,1,1
568,768,1,1,-0.1428831469,58,0,1
568,457,0,1,2.676187877,2,0,1
568,457,1,1,-0.2273977389,117,0,1
570,347,0,1,2.678414177,3,0,1
570,347,1,1,1.153665805,36,0,1
570,717,1,1,2.676783348,3,0,1
570,717,0,1,-0.2222970341,53,0,1
570,768,0,1,2.676296654,1,1,1
570,768,1,1,-0.1429337236,58,0,1
570,457,0,1,2.67615116,2,0,1
570,457,1,1,-0.2274791652,117,0,1
572,347,0,1,2.678504329,3,0,1
572,347,1,1,1.153596146,36,0,1
572,717,1,1,2.676864478,3,0,1
572,717,0,1,-0.2222711477,53,0,1
572,768,0,1,2.676354702,1,1,1
572,768,1,1,-0.1429308262,58,0,1
572,457,0,1,2.676041755,2,0,1
572,457,1,1,-0.2273716364,117,0,1
574,347,0,1,2.678588564,3,0,1
574,347,1,1,1.153634614,36,0,1
574,717,1,1,2.67692107,3,0,1
574,717,0,1,-0.2222727062,53,0,1
574,768,0,1,2.6764697,1,1,1
574,768,1,1,-0.1428782377,58,0,1
574,457,0,1,2.675982171,2,0,1
574,457,1,1,-0.2273130827,117,0,1
576,347,0,1,2.678585844,3,0,1
576,347,1,1,1.153595287,36,0,1
576,717,1,1,2.676894861,3,0,1
576,717,0,1,-0.2222572647,53,0,1
576,768,0,1,2.676555398,1,1,1
576,768,1,1,-0.1429266877,58,0,1
576,457,0,1,2.67598707,2,0,1
576,457,1,1,-0.2273867303,117,0,1
578,347,0,1,2.678557306,3,0,1
578,347,1,1,1.153594434,36,0,1
578,717,1,1,2.676883094,3,0,1
578,717,0,1,-0.2222531955,53,0,1
578,768,0,1,2.676558718,1,1,1
578,768,1,1,-0.1429244837,58,0,1
578,457,0,1,2.675990024,2,0,1
578,457,1,1,-0.2273038798,117,0,1
580,347,0,1,2.678534867,3,0,1
580,347,1,1,1.153600208,36,0,1
580,717,1,1,2.676850426,3,0,1
580,717,0,1,-0.2222670636,53,0,1
580,768,0,1,2.676534209,1,1,1
580,768,1,1,-0.1429197055,58,0,1
580,457,0,1,2.676023331,2,0,1
580,457,1,1,-0.2273380359,117,0,1
582,347,0,1,2.678521322,3,0,1
582,347,1,1,1.153586249,36,0,1
582,717,1,1,2.676832491,3,0,1
582,717,0,1,-0.2222632006,53,0,1
582,768,0,1,2.676488567,1,1,1
582,768,1,1,-0.1429231107,58,0,1
582,457,0,1,2.676049322,2,0,1
582,457,1,1,-0.2273328494,117,0,1
584,347,0,1,2.678516544,3,0,1
584,347,1,1,1.153576845,36,0,1
584,717,1,1,2.676834642,3,0,1
584,717,0,1,-0.2222599049,53,0,1
584,768,0,1,2.676471798,1,1,1
584,768,1,1,-0.1429321382,58,0,1
584,457,0,1,2.676049711,2,0,1
584,457,1,1,-0.2272970065,117,0,1
586,347,0,1,2.678521446,3,0,1
586,347,1,1,1.153595988,36,0,1
586,717,1,1,2.67683099,3,0,1
586,717,0,1,-0.2222662657,53,0,1
586,768,0,1,2.676465944,1,1,1
586,768,1,1,-0.1429231689,58,0,1
586,457,0,1,2.676061058,2,0,1
586,457,1,1,-0.2273349851,117,0,1
587,347,0,1,2.667201204,3,0,1
587,347,1,1,1.136583263,36,0,1
587,717,1,1,2.665705824,3,0,1
587,717,0,1,-0.2440833552,53,0,1
587,457,0,1,2.66501256,2,1,1
587,457,1,1,-0.2353280496,121,0,1
587,113,1,1,2.664637389,2,0,1
587,113,0,1,-0.301527938,89,0,1
589,347,0,1,2.667197755,3,0,1
589,347,1,1,1.136551678,36,0,1
589,717,1,1,2.66563126,3,0,1
589,717,0,1,-0.2440756315,53,0,1
589,457,0,1,2.665155187,2,1,1
589,457,1,1,-0.2351711557,121,0,1
589,113,1,1,2.664727216,2,0,1
589,113,0,1,-0.3015060112,89,0,1
591,347,0,1,2.667267296,3,0,1
591,347,1,1,1.136563644,36,0,1
591,717,1,1,2.665713096,3,0,1
591,717,0,1,-0.2440746147,53,0,1
591,457,0,1,2.665079458,2,0,1
591,457,1,1,-0.2350566032,121,0,1
591,395,1,1,2.664550122,1,1,1
591,395,0,1,-0.3497948222,94,0,1
593,347,0,1,2.667225558,3,0,1
593,347,1,1,1.136475645,36,0,1
593,717,1,1,2.665646976,3,0,1
593,717,0,1,-0.2440237538,53,0,1
593,457,0,1,2.665147103,2,1,1
593,457,1,1,-0.2351060784,121,0,1
593,113,1,1,2.664611059,2,0,1
593,113,0,1,-0.3016216674,89,0,1
595,347,0,1,2.667212853,3,0,1
595,347,1,1,1.136502451,36,0,1
595,717,1,1,2.66564679,3,0,1
595,717,0,1,-0.2440949366,53,0,1
595,457,0,1,2.665130543,2,1,1
595,457,1,1,-0.2351848583,121,0,1
595,113,1,1,2.664697953,2,0,1
595,113,0,1,-0.3018475718,89,0,1
597,347,0,1,2.666936731,3,0,1
597,347,1,1,1.133377276,36,0,1
597,717,1,1,2.666322972,3,0,1
597,717,0,1,-0.3500171664,57,0,1
597,768,0,1,2.664961587,1,1,1
597,768,1,1,-0.1613259158,58,0,1
597,395,1,1,2.664131676,1,0,1
597,395,0,1,-0.3405092583,93,0,1
599,347,0,1,2.667236074,3,0,1
599,347,1,1,1.136578103,36,0,1
599,717,1,1,2.665672903,3,0,1
599,717,0,1,-0.2440476638,53,0,1
599,457,0,1,2.665120526,2,1,1
599,457,1,1,-0.2352239037,121,0,1
599,113,1,1,2.66464198,2,0,1
599,113,0,1,-0.3017342039,89,0,1
601,347,0,1,2.667186752,3,0,1
601,347,1,1,1.136449639,36,0,1
601,717,1,1,2.665597094,3,0,1
601,717,0,1,-0.2440973229,53,0,1
601,457,0,1,2.665129999,2,0,1
601,457,1,1,-0.2351207876,121,0,1
601,395,1,1,2.664568702,1,1,1
601,395,0,1,-0.3495568567,94,0,1
603,347,0,1,2.667224625,3,0,1
603,347,1,1,1.136529843,36,0,1
603,717,1,1,2.665649595,2,1,1
603,717,0,1,-0.2440508355,53,0,1
603,457,0,1,2.66507194,2,0,1
603,457,1,1,-0.234997518,121,0,1
603,113,1,1,2.664572681,2,0,1
603,113,0,1,-0.3014225282,89,0,1
605,347,0,1,2.667189149,3,0,1
605,347,1,1,1.145733721,41,0,1
605,457,0,1,2.666132579,2,0,1
605,457,1,1,0.3366946548,158,0,1
605,571,1,1,2.665612956,1,1,1
605,571,0,1,0.3083835284,76,0,1
605,113,1,1,2.664999634,2,0,1
605,113,0,1,-0.3223517977,96,0,1
606,347,0,1,2.656347874,3,0,1
606,347,1,1,1.127304356,36,0,1
606,457,0,1,2.655483964,2,1,1
606,457,1,1,0.3315512858,153,0,1
606,113,1,1,2.654083839,2,0,1
606,113,0,1,-0.3260874716,96,0,1
606,395,1,1,2.653782151,2,0,1
606,395,0,1,-0.3532794304,90,0,1
608,347,0,1,2.657111998,3,0,1
608,347,1,1,1.127763333,41,0,1
608,571,1,1,2.655546892,1,1,1
608,571,0,1,0.3038577771,76,0,1
608,113,1,1,2.654915677,2,0,1
608,113,0,1,-0.3272808413,96,0,1
608,395,1,1,2.654774962,1,0,1
608,395,0,1,-0.3436876556,86,0,1
610,347,0,1,2.656967028,3,0,1
610,347,1,1,1.129025536,36,0,1
610,119,1,1,2.655351564,1,1,1
610,119,0,1,1.0399347,106,0,1
610,395,1,1,2.654463407,1,0,1
610,395,0,1,-0.3377372407,88,0,1
610,113,1,1,2.65449931,2,0,1
610,113,0,1,-0.307853958,89,0,1
612,347,0,1,2.657000613,3,0,1
612,347,1,1,1.12709926,36,0,1
612,571,1,1,2.655297888,0,1,1
612,571,0,1,0.3042619754,79,0,1
612,113,1,1,2.655021253,2,0,1
612,113,0,1,-0.3268534249,89,0,1
612,395,1,1,2.654760513,1,0,1
612,395,0,1,-0.3436438872,86,0,1
614,347,0,1,2.657113218,3,0,1
614,347,1,1,1.127176964,36,0,1
614,571,1,1,2.655369055,1,1,1
614,571,0,1,0.3042347947,79,0,1
614,113,1,1,2.654932611,2,0,1
614,113,0,1,-0.3276139477,96,0,1
614,395,1,1,2.654559486,1,0,1
614,395,0,1,-0.3435704662,86,0,1
616,347,0,1,2.657139575,3,0,1
616,347,1,1,1.12727886,36,0,1
616,571,1,1,2.655384618,1,1,1
616,571,0,1,0.3042118213,79,0,1
616,113,1,1,2.654893697,2,0,1
616,113,0,1,-0.3278159814,96,0,1
616,395,1,1,2.654674268,1,0,1
616,395,0,1,-0.3435429261,86,0,1
618,347,0,1,2.656945671,3,0,1
618,347,1,1,1.127763213,41,0,1
618,571,1,1,2.655352129,1,1,1
618,571,0,1,0.3038366552,76,0,1
618,113,1,1,2.654933321,2,0,1
618,113,0,1,-0.3274523552,96,0,1
618,395,1,1,2.654543421,1,0,1
618,395,0,1,-0.3434878249,86,0,1
620,347,0,1,2.656934817,3,0,1
620,347,1,1,1.127768736,41,0,1
620,571,1,1,2.655266666,1,1,1
620,571,0,1,0.3042280805,79,0,1
620,113,1,1,2.655055194,2,0,1
620,113,0,1,-0.3271969473,89,0,1
620,395,1,1,2.654488173,1,0,1
620,395,0,1,-0.3433866893,86,0,1
622,347,0,1,2.656917049,3,0,1
622,347,1,1,1.12717495,36,0,1
622,571,1,1,2.655220496,1,1,1
622,571,0,1,0.3042262581,79,0,1
622,113,1,1,2.655087625,2,0,1
622,113,0,1,-0.3275394684,96,0,1
622,395,1,1,2.65448052,1,0,1
622,395,0,1,-0.3434343472,86,0,1
624,347,0,1,2.656872924,3,0,1
624,347,1,1,1.12714139,36,0,1
624,571,1,1,2.655206454,1,1,1
624,571,0,1,0.3042188018,79,0,1
624,113,1,1,2.655070482,2,0,1
624,113,0,1,-0.3274581248,96,0,1
624,395,1,1,2.654472813,1,0,1
624,395,0,1,-0.34342276,86,0,1
625,347,0,1,2.646065887,3,0,1
625,347,1,1,1.10921646,36,0,1
625,113,1,1,2.643948357,2,0,1
625,113,0,1,-0.3310230492,96,0,1
625,395,1,1,2.643559853,1,1,1
625,395,0,1,-0.3511273827,86,0,1
625,219,0,1,2.643150322,1,0,1
625,219,1,1,-0.5721167975,72,0,1
627,347,0,1,2.646282939,3,0,1
627,347,1,1,1.10915861,36,0,1
627,113,1,1,2.643710116,2,0,1
627,113,0,1,-0.3305599313,96,0,1
627,395,1,1,2.643675651,1,1,1
627,395,0,1,-0.3547533604,88,0,1
627,219,0,1,2.643317626,1,0,1
627,219,1,1,-0.5721793206,74,0,1
629,347,0,1,2.646303246,3,0,1
629,347,1,1,1.109142941,36,0,1
629,113,1,1,2.643637588,2,0,1
629,113,0,1,-0.3305051487,96,0,1
629,395,1,1,2.643829103,1,1,1
629,395,0,1,-0.3547191304,88,0,1
629,219,0,1,2.64343789,1,0,1
629,219,1,1,-0.5721743029,74,0,1
631,347,0,1,2.646358518,3,0,1
631,347,1,1,1.109217221,36,0,1
631,113,1,1,2.643559962,2,0,1
631,113,0,1,-0.3305633873,96,0,1
631,395,1,1,2.643913921,1,1,1
631,395,0,1,-0.3510132233,86,0,1
631,219,0,1,2.643494393,1,0,1
631,219,1,1,-0.5720946318,72,0,1
633,347,0,1,2.646352636,3,0,1
633,347,1,1,1.109183699,36,0,1
633,113,1,1,2.643546296,2,0,1
633,113,0,1,-0.330571892,96,0,1
633,395,1,1,2.643989565,1,1,1
633,395,0,1,-0.3547101923,88,0,1
633,219,0,1,2.643556397,1,0,1
633,219,1,1,-0.5721532081,74,0,1
635,347,0,1,2.646376066,3,0,1
635,347,1,1,1.109187466,36,0,1
635,113,1,1,2.643592722,2,0,1
635,113,0,1,-0.3305730308,96,0,1
635,395,1,1,2.643996215,1,1,1
635,395,0,1,-0.3547291237,88,0,1
635,219,0,1,2.6435115,1,0,1
635,219,1,1,-0.5720655829,72,0,1
637,347,0,1,2.646381707,3,0,1
637,347,1,1,1.109209432,36,0,1
637,113,1,1,2.643580156,2,0,1
637,113,0,1,-0.3305727611,96,0,1
637,395,1,1,2.6439682,1,1,1
637,395,0,1,-0.3547370672,88,0,1
637,219,0,1,2.643554622,1,0,1
637,219,1,1,-0.5721617068,74,0,1
639,347,0,1,2.646369292,3,0,1
639,347,1,1,1.109191693,36,0,1
639,113,1,1,2.643564727,2,0,1
639,113,0,1,-0.3306013754,96,0,1
639,395,1,1,2.643962445,1,1,1
639,395,0,1,-0.3510832548,86,0,1
639,219,0,1,2.643553316,1,0,1
639,219,1,1,-0.5721594386,74,0,1
641,347,0,1,2.646342101,3,0,1
641,347,1,1,1.109191162,36,0,1
641,113,1,1,2.643570126,2,0,1
641,113,0,1,-0.3305662709,96,0,1
641,395,1,1,2.643979528,1,1,1
641,395,0,1,-0.3510785447,86,0,1
641,219,0,1,2.643566917,1,0,1
641,219,1,1,-0.5720722786,72,0,1
643,347,0,1,2.646339965,3,0,1
643,347,1,1,1.109191432,36,0,1
643,113,1,1,2.643592571,2,0,1
643,113,0,1,-0.3305687065,96,0,1
643,395,1,1,2.643954169,1,1,1
643,395,0,1,-0.3510728815,86,0,1
643,219,0,1,2.643540317,1,0,1
643,219,1,1,-0.572074731,72,0,1
644,347,0,1,2.634435842,3,0,1
644,347,1,1,1.101779999,41,0,1
644,113,1,1,2.631991062,2,0,1
644,113,0,1,-0.3442249882,96,0,1
644,219,0,1,2.631749416,1,1,1
644,219,1,1,-0.5816339436,72,0,1
644,453,0,1,2.631161481,2,0,1
644,453,1,1,2.307025765,17,0,1
646,347,0,1,2.634301537,3,0,1
646,347,1,1,1.101758934,41,0,1
646,113,1,1,2.632219577,2,0,1
646,113,0,1,-0.3442239306,96,0,1
646,219,0,1,2.631541012,1,1,1
646,219,1,1,-0.5816951438,74,0,1
646,453,0,1,2.63130766,3,0,1
646,453,1,1,2.307035924,17,0,1
648,347,0,1,2.63427808,3,0,1
648,347,1,1,1.101784301,41,0,1
648,113,1,1,2.632233478,2,0,1
648,113,0,1,-0.3441551185,96,0,1
648,219,0,1,2.631296905,1,1,1
648,219,1,1,-0.5816923494,74,0,1
648,453,0,1,2.631314723,3,0,1
648,453,1,1,2.307122453,17,0,1
650,347,0,1,2.634304309,3,0,1
650,347,1,1,1.101771235,41,0,1
650,113,1,1,2.632214105,2,0,1
650,113,0,1,-0.3442288543,96,0,1
650,219,0,1,2.631346639,1,1,1
650,219,1,1,-0.5816676513,74,0,1
650,453,0,1,2.631480143,2,0,1
650,453,1,1,2.307076571,17,0,1
652,347,0,1,2.634338209,3,0,1
652,347,1,1,1.101783541,41,0,1
652,113,1,1,2.63216753,2,0,1
652,113,0,1,-0.3442640546,96,0,1
652,219,0,1,2.631398584,1,1,1
652,219,1,1,-0.5816738827,74,0,1
652,453,0,1,2.631360651,3,0,1
652,453,1,1,2.307104563,17,0,1
654,347,0,1,2.634375265,3,0,1
654,347,1,1,1.101287063,36,0,1
654,113,1,1,2.632158166,2,0,1
654,113,0,1,-0.3442892294,96,0,1
654,219,0,1,2.631431993,1,1,1
654,219,1,1,-0.581682513,74,0,1
654,453,0,1,2.631397285,3,0,1
654,453,1,1,2.307129916,17,0,1
656,347,0,1,2.634422664,3,0,1
656,347,1,1,1.101250687,36,0,1
656,113,1,1,2.632100469,2,0,1
656,113,0,1,-0.3442111846,96,0,1
656,219,0,1,2.631463336,1,1,1
656,219,1,1,-0.5816706264,74,0,1
656,453,0,1,2.631343258,2,0,1
656,453,1,1,2.306809024,15,0,1
658,347,0,1,2.634432329,3,0,1
658,347,1,1,1.101225463,36,0,1
658,113,1,1,2.632086904,2,0,1
658,113,0,1,-0.3442074551,96,0,1
658,219,0,1,2.631500664,1,1,1
658,219,1,1,-0.5816814888,74,0,1
658,453,0,1,2.631333983,2,0,1
658,453,1,1,2.306797612,15,0,1
660,347,0,1,2.634449634,3,0,1
660,347,1,1,1.101274365,36,0,1
660,113,1,1,2.632089799,2,0,1
660,113,0,1,-0.3442540379,96,0,1
660,219,0,1,2.631508934,1,1,1
660,219,1,1,-0.5816737885,74,0,1
660,453,0,1,2.631452069,3,0,1
660,453,1,1,2.306803351,15,0,1
662,347,0,1,2.634457842,3,0,1
662,347,1,1,1.101245542,36,0,1
662,113,1,1,2.632063014,2,0,1
662,113,0,1,-0.344200945,96,0,1
662,219,0,1,2.631521965,1,1,1
662,219,1,1,-0.5816699924,74,0,1
662,453,0,1,2.631461288,3,0,1
662,453,1,1,2.30683336,15,0,1
663,347,0,1,2.62234508,3,0,1
663,347,1,1,1.081344609,41,0,1
663,113,1,1,2.619866701,2,0,1
663,113,0,1,-0.3557698925,89,0,1
663,453,0,1,2.619152,2,0,1
663,453,1,1,2.295768578,18,0,1
663,945,1,1,2.619279783,1,1,1
663,945,0,0,0,-1,0,1
665,347,0,1,2.622220939,3,0,1
665,347,1,1,1.081279719,41,0,1
665,113,1,1,2.619873183,2,0,1
665,113,0,1,-0.3564392531,89,0,1
665,945,1,1,2.61940237,1,1,1
665,945,0,0,0,-1,0,1
665,453,0,1,2.61913623,2,0,1
665,453,1,1,2.295706213,18,0,1
667,347,0,1,2.622258727,3,0,1
667,347,1,1,1.081292933,41,0,1
667,113,1,1,2.620003974,2,0,1
667,113,0,1,-0.3564187303,89,0,1
667,945,1,1,2.619313778,1,1,1
667,945,0,0,0,-1,0,1
667,453,0,1,2.619289904,2,0,1
667,453,1,1,2.295775117,18,0,1
669,28,1,1,2.622527134,2,0,1
669,28,0,1,1.037009091,65,0,1
669,347,0,1,2.621797844,3,0,1
669,347,1,1,1.07933826,36,0,1
669,113,1,1,2.619524187,2,0,1
669,113,0,1,-0.3515974553,96,0,1
669,219,0,1,2.619254771,1,1,1
669,219,1,1,-0.597307808,74,0,1
671,347,0,1,2.6222783,3,0,1
671,347,1,1,1.080551834,36,0,1
671,113,1,1,2.619876528,2,0,1
671,113,0,1,-0.3562105794,89,0,1
671,945,1,1,2.619213098,1,1,1
671,945,0,0,0,-1,0,1
671,453,0,1,2.619204317,2,0,1
671,453,1,1,2.29689895,20,0,1
673,347,0,1,2.62218954,3,0,1
673,347,1,1,1.081277114,41,0,1
673,113,1,1,2.619823889,2,0,1
673,113,0,1,-0.3565500713,89,0,1
673,945,1,1,2.619456667,1,1,1
673,945,0,0,0,-1,0,1
673,453,0,1,2.61910582,2,0,1
673,453,1,1,2.296809354,20,0,1
675,347,0,1,2.622344249,3,0,1
675,347,1,1,1.081292782,41,0,1
675,113,1,1,2.619786189,2,0,1
675,113,0,1,-0.356446865,89,0,1
675,945,1,1,2.619479995,1,1,1
675,945,0,0,0,-1,0,1
675,453,0,1,2.61904301,2,0,1
675,453,1,1,2.295733277,18,0,1
677,347,0,1,2.622357367,3,0,1
677,347,1,1,1.080584338,36,0,1
677,113,1,1,2.619621647,2,0,1
677,113,0,1,-0.3563012618,89,0,1
677,945,1,1,2.619566035,1,1,1
677,945,0,0,0,-1,0,1
677,453,0,1,2.618907267,2,0,1
677,453,1,1,2.296828627,20,0,1
679,347,0,1,2.622381543,3,0,1
679,347,1,1,1.080678761,36,0,1
679,113,1,1,2.619720943,2,0,1
679,113,0,1,-0.3564457993,89,0,1
679,945,1,1,2.619654393,1,1,1
679,945,0,0,0,-1,0,1
679,453,0,1,2.618988945,2,0,1
679,453,1,1,2.296832702,20,0,1
681,347,0,1,2.622385631,3,0,1
681,347,1,1,1.080624134,36,0,1
681,113,1,1,2.619725439,2,0,1
681,113,0,1,-0.3564434113,89,0,1
681,945,1,1,2.619618895,1,1,1
681,945,0,0,0,-1,0,1
681,453,0,1,2.618949129,2,0,1
681,453,1,1,2.295817068,15,0,1
682,28,1,1,2.610488184,2,1,1
682,28,0,1,1.033565054,65,0,1
682,347,0,1,2.610072183,3,0,1
682,347,1,1,1.06048704,41,0,1
682,113,1,1,2.607313521,2,0,1
682,113,0,1,-0.3634947075,96,0,1
682,453,0,1,2.607001061,3,0,1
682,453,1,1,2.284475724,17,0,1
684,945,1,1,2.610709735,1,1,1
684,945,0,1,-0.8251008444,128,0,1
684,347,0,1,2.60759832,3,0,1
684,347,1,1,1.058070258,41,0,1
684,113,1,1,2.60519169,2,0,1
684,113,0,1,-0.3631286659,96,0,1
684,453,0,1,2.604636475,2,0,1
684,453,1,1,2.279829519,17,0,1
686,347,0,1,2.61309939,3,0,1
686,347,1,1,1.06797006,36,0,1
686,113,1,1,2.610706888,2,0,1
686,113,0,1,-0.3556596645,96,0,1
686,219,0,1,2.610975815,1,1,1
686,219,1,1,-0.6043257582,74,0,1
686,453,0,1,2.61015167,2,0,1
686,453,1,1,2.284724054,15,0,1
688,347,0,1,2.613422061,3,0,1
688,347,1,1,1.068711878,41,0,1
688,113,1,1,2.610678497,2,0,1
688,113,0,1,-0.355753763,96,0,1
688,219,0,1,2.610790427,1,1,1
688,219,1,1,-0.6043061239,74,0,1
688,453,0,1,2.610108532,2,0,1
688,453,1,1,2.285693074,20,0,1
690,347,0,1,2.613294078,3,0,1
690,347,1,1,1.068014699,36,0,1
690,219,0,1,2.610776766,1,1,1
690,219,1,1,-0.604281375,74,0,1
690,113,1,1,2.61063172,2,0,1
690,113,0,1,-0.3560292916,96,0,1
690,290,1,1,2.610151569,2,0,1
690,290,0,1,0.2876056722,50,0,1
692,347,0,1,2.613278436,3,0,1
692,347,1,1,1.068701939,41,0,1
692,219,0,1,2.610736698,1,1,1
692,219,1,1,-0.6042818237,74,0,1
692,113,1,1,2.610688388,2,0,1
692,113,0,1,-0.355810752,96,0,1
692,453,0,1,2.61012459,3,0,1
692,453,1,1,2.285039111,17,0,1
694,347,0,1,2.613256078,3,0,1
694,347,1,1,1.068726883,41,0,1
694,219,0,1,2.610729373,1,1,1
694,219,1,1,-0.6043010666,74,0,1
694,113,1,1,2.610655549,2,0,1
694,113,0,1,-0.3557816536,96,0,1
694,453,0,1,2.610238751,3,0,1
694,453,1,1,2.28477569,15,0,1
696,347,0,1,2.613362693,3,0,1
696,347,1,1,1.068685742,41,0,1
696,219,0,1,2.61072041,1,1,1
696,219,1,1,-0.6042879566,74,0,1
696,113,1,1,2.610565519,2,0,1
696,113,0,1,-0.3558207188,96,0,1
696,453,0,1,2.610223948,3,0,1
696,453,1,1,2.284843983,15,0,1
698,347,0,1,2.613358127,3,0,1
698,347,1,1,1.068728144,41,0,1
698,219,0,1,2.610806561,1,1,1
698,219,1,1,-0.6043008101,74,0,1
698,113,1,1,2.610538845,2,0,1
698,113,0,1,-0.3558599216,96,0,1
698,453,0,1,2.610261065,3,0,1
698,453,1,1,2.284788185,15,0,1
700,347,0,1,2.613351477,3,0,1
700,347,1,1,1.068702166,41,0,1
700,219,0,1,2.610839733,1,1,1
700,219,1,1,-0.6042914012,74,0,1
700,113,1,1,2.61054718,2,0,1
700,113,0,1,-0.3558683686,96,0,1
700,453,0,1,2.610025957,2,0,1
700,453,1,1,2.284838281,15,0,1
701,347,0,1,2.601501701,3,0,1
701,347,1,1,1.049328033,41,0,1
701,113,1,1,2.598621509,2,1,1
701,113,0,1,-0.3677131288,96,0,1
701,290,1,1,2.598140609,2,0,1
701,290,0,1,0.2763004729,45,0,1
701,453,0,1,2.598157426,2,0,1
701,453,1,1,2.273878529,18,0,1
703,347,0,1,2.601437164,3,0,1
703,347,1,1,1.049289572,41,0,1
703,113,1,1,2.598664781,2,1,1
703,113,0,1,-0.36826531,96,0,1
703,290,1,1,2.598158334,2,0,1
703,290,0,1,0.2761679005,45,0,1
703,453,0,1,2.598166189,2,0,1
703,453,1,1,2.274294351,17,0,1
705,347,0,1,2.601389407,3,0,1
705,347,1,1,1.049280844,41,0,1
705,113,1,1,2.598741541,2,1,1
705,113,0,1,-0.3678644146,96,0,1
705,290,1,1,2.598258704,2,0,1
705,290,0,1,0.2759310219,45,0,1
705,453,0,1,2.598315231,2,0,1
705,453,1,1,2.273934264,18,0,1
707,347,0,1,2.601393591,3,0,1
707,347,1,1,1.049255307,41,0,1
707,113,1,1,2.598882723,2,1,1
707,113,0,1,-0.3682444789,96,0,1
707,290,1,1,2.598268548,2,0,1
707,290,0,1,0.2742157907,53,0,1
707,453,0,1,2.598369165,2,0,1
707,453,1,1,2.27483941,20,0,1
709,347,0,1,2.601385407,3,0,1
709,347,1,1,1.049256797,41,0,1
709,113,1,1,2.598954603,2,1,1
709,113,0,1,-0.368011365,96,0,1
709,290,1,1,2.598378029,2,0,1
709,290,0,1,0.2741319059,53,0,1
709,453,0,1,2.598457977,2,0,1
709,453,1,1,2.273922194,18,0,1
711,347,0,1,2.601388346,3,0,1
711,347,1,1,1.0492605,41,0,1
711,113,1,1,2.598952589,2,1,1
711,113,0,1,-0.3681103916,96,0,1
711,290,1,1,2.598335178,2,0,1
711,290,0,1,0.2740178609,53,0,1
711,453,0,1,2.598317152,3,0,1
711,453,1,1,2.273934404,18,0,1
713,347,0,1,2.601400675,3,0,1
713,347,1,1,1.049265856,41,0,1
713,113,1,1,2.598923958,2,1,1
713,113,0,1,-0.3680399326,96,0,1
713,290,1,1,2.59832541,2,0,1
713,290,0,1,0.2739743243,53,0,1
713,453,0,1,2.598398378,2,0,1
713,453,1,1,2.27395086,18,0,1
715,347,0,1,2.601390787,3,0,1
715,347,1,1,1.049262864,41,0,1
715,113,1,1,2.598893834,2,1,1
715,113,0,1,-0.3680925548,96,0,1
715,290,1,1,2.598296894,2,0,1
715,290,0,1,0.2739833547,53,0,1
715,453,0,1,2.598354318,2,0,1
715,453,1,1,2.273956989,18,0,1
717,347,0,1,2.601390037,3,0,1
717,347,1,1,1.049267413,41,0,1
717,113,1,1,2.59888017,2,1,1
717,113,0,1,-0.3680474746,96,0,1
717,290,1,1,2.598290749,2,0,1
717,290,0,1,0.2740241084,53,0,1
717,453,0,1,2.598355129,2,0,1
717,453,1,1,2.273963294,18,0,1
719,347,0,1,2.601387004,3,0,1
719,347,1,1,1.049260944,41,0,1
719,113,1,1,2.598873709,2,1,1
719,113,0,1,-0.3680683178,96,0,1
719,290,1,1,2.598284817,2,0,1
719,290,0,1,0.2740604505,53,0,1
719,453,0,1,2.598340723,2,0,1
719,453,1,1,2.273956318,18,0,1
720,615,0,1,2.590450502,1,1,1
720,615,1,0,0,-1,0,1
720,347,0,1,2.589537136,3,0,1
720,347,1,1,1.039467838,41,0,1
720,290,1,1,2.586709535,2,0,1
720,290,0,1,0.2608775201,53,0,1
720,453,0,1,2.586522948,2,0,1
720,453,1,1,2.263994542,15,0,1
722,113,1,1,2.590650499,1,1,1
722,113,0,1,-0.517455566,96,0,1
722,347,0,1,2.587649302,3,0,1
722,347,1,1,1.034674547,41,0,1
722,290,1,1,2.584853755,2,0,1
722,290,0,1,0.2591163558,53,0,1
722,453,0,1,2.584829952,2,0,1
722,453,1,1,2.264395345,20,0,1
724,347,0,1,2.593026775,3,0,1
724,347,1,1,1.050092212,41,0,1
724,219,0,1,2.590868501,1,1,1
724,219,1,1,-0.6231600463,74,0,1
724,290,1,1,2.590281624,2,0,1
724,290,0,1,0.2676541163,54,0,1
724,453,0,1,2.590106953,3,0,1
724,453,1,1,2.269034969,17,0,1
726,347,0,1,2.59353908,3,0,1
726,347,1,1,1.039274155,41,0,1
726,395,1,1,2.590624685,1,1,1
726,395,0,1,-0.4744737291,90,0,1
726,290,1,1,2.590172118,2,0,1
726,290,0,1,0.2732507123,48,0,1
726,453,0,1,2.590228758,2,0,1
726,453,1,1,2.26884209,15,0,1
728,347,0,1,2.593466748,3,0,1
728,347,1,1,1.039100634,41,0,1
728,395,1,1,2.590756348,1,1,1
728,395,0,1,-0.4744361507,90,0,1
728,290,1,1,2.590235019,2,0,1
728,290,0,1,0.2684023411,53,0,1
728,453,0,1,2.590377931,2,0,1
728,453,1,1,2.269050685,17,0,1
730,347,0,1,2.593366864,3,0,1
730,347,1,1,1.039114563,41,0,1
730,395,1,1,2.590964518,1,1,1
730,395,0,1,-0.4743802774,90,0,1
730,290,1,1,2.590152963,2,0,1
730,290,0,1,0.2703830194,50,0,1
730,453,0,1,2.590228237,2,0,1
730,453,1,1,2.268883576,17,0,1
732,347,0,1,2.593189508,3,0,1
732,347,1,1,1.050241444,41,0,1
732,219,0,1,2.59071979,1,1,1
732,219,1,1,-0.6232185014,74,0,1
732,290,1,1,2.590352689,2,0,1
732,290,0,1,0.2668733694,50,0,1
732,453,0,1,2.590369942,2,0,1
732,453,1,1,2.269158998,17,0,1
734,347,0,1,2.593481839,3,0,1
734,347,1,1,1.039188142,41,0,1
734,395,1,1,2.590839462,1,1,1
734,395,0,1,-0.4743729481,90,0,1
734,290,1,1,2.590163352,2,0,1
734,290,0,1,0.2682198885,53,0,1
734,453,0,1,2.590230931,2,0,1
734,453,1,1,2.268411624,18,0,1
736,347,0,1,2.59334594,3,0,1
736,347,1,1,1.039159049,41,0,1
736,395,1,1,2.590938269,1,1,1
736,395,0,1,-0.474297039,90,0,1
736,453,0,1,2.590255001,2,0,1
736,453,1,1,2.269006224,17,0,1
736,290,1,1,2.590163491,2,0,1
736,290,0,1,0.2709132282,50,0,1
738,347,0,1,2.593470794,3,0,1
738,347,1,1,1.039132072,41,0,1
738,395,1,1,2.590996181,1,1,1
738,395,0,1,-0.4742783834,90,0,1
738,290,1,1,2.589997104,2,0,1
738,290,0,1,0.2681971255,53,0,1
738,453,0,1,2.590162108,2,0,1
738,453,1,1,2.268984822,17,0,1
739,347,0,1,2.581574874,3,0,1
739,347,1,1,1.030777274,41,0,1
739,290,1,1,2.578433629,2,1,1
739,290,0,1,0.2551389292,45,0,1
739,453,0,1,2.578386427,2,0,1
739,453,1,1,2.259060773,20,0,1
739,620,1,1,2.577759298,2,0,1
739,620,0,1,2.073765102,68,0,1
741,347,0,1,2.581472993,3,0,1
741,347,1,1,1.030720489,41,0,1
741,453,0,1,2.578588838,2,0,1
741,453,1,1,2.258315048,17,0,1
741,290,1,1,2.578622757,2,1,1
741,290,0,1,0.2554057423,50,0,1
741,620,1,1,2.577949076,2,0,1
741,620,0,1,2.073811755,68,0,1
743,347,0,1,2.581508249,3,0,1
743,347,1,1,1.030722197,41,0,1
743,453,0,1,2.578521511,2,0,1
743,453,1,1,2.258293588,17,0,1
743,290,1,1,2.578575024,2,1,1
743,290,0,1,0.2554406051,50,0,1
743,620,1,1,2.577917362,2,0,1
743,620,0,1,2.073786869,68,0,1
745,347,0,1,2.581472872,3,0,1
745,347,1,1,1.030708131,41,0,1
745,453,0,1,2.578559625,2,0,1
745,453,1,1,2.258302026,17,0,1
745,290,1,1,2.578601608,2,1,1
745,290,0,1,0.255402974,50,0,1
745,620,1,1,2.577951435,2,0,1
745,620,0,1,2.073789034,68,0,1
747,347,0,1,2.581500076,3,0,1
747,347,1,1,1.030741219,41,0,1
747,453,0,1,2.578522323,2,0,1
747,453,1,1,2.258281742,17,0,1
747,290,1,1,2.578554414,2,1,1
747,290,0,1,0.2555110159,50,0,1
747,620,1,1,2.577896661,2,0,1
747,620,0,1,2.073798776,68,0,1
749,347,0,1,2.581496102,3,0,1
749,347,1,1,1.030691425,41,0,1
749,453,0,1,2.578511317,2,0,1
749,453,1,1,2.258256621,17,0,1
749,290,1,1,2.578562875,2,1,1
749,290,0,1,0.2554814083,50,0,1
749,620,1,1,2.577905157,2,0,1
749,620,0,1,2.073795961,68,0,1
751,347,0,1,2.581498906,3,0,1
751,347,1,1,1.030730295,41,0,1
751,453,0,1,2.578533588,2,0,1
751,453,1,1,2.258303398,17,0,1
751,290,1,1,2.578566259,2,1,1
751,290,0,1,0.2555262743,50,0,1
751,620,1,1,2.577917127,2,0,1
751,620,0,1,2.073793581,68,0,1
753,347,0,1,2.581500648,3,0,1
753,347,1,1,1.030703325,41,0,1
753,453,0,1,2.578556251,2,0,1
753,453,1,1,2.258281648,17,0,1
753,290,1,1,2.578573259,2,1,1
753,290,0,1,0.2554949595,50,0,1
753,620,1,1,2.577916141,2,0,1
753,620,0,1,2.073802249,68,0,1
755,347,0,1,2.581495184,3,0,1
755,347,1,1,1.030723089,41,0,1
755,453,0,1,2.578545211,2,0,1
755,453,1,1,2.258283068,17,0,1
755,290,1,1,2.578588961,2,1,1
755,290,0,1,0.2554908462,50,0,1
755,620,1,1,2.577941528,2,0,1
755,620,0,1,2.073791815,68,0,1
757,347,0,1,2.581484716,3,0,1
757,347,1,1,1.030711885,41,0,1
757,453,0,1,2.578559391,2,0,1
757,453,1,1,2.258281206,17,0,1
757,290,1,1,2.578595452,2,1,1
757,290,0,1,0.2554608992,50,0,1
757,620,1,1,2.577938441,2,0,1
757,620,0,1,2.073796969,68,0,1
758,347,0,1,2.56934072,3,0,1
758,347,1,1,1.017652297,41,0,1
758,453,0,1,2.566530881,2,1,1
758,453,1,1,2.246824604,17,0,1
758,620,1,1,2.565772961,2,0,1
758,620,0,1,2.071461713,68,0,1
758,8,0,1,2.565603833,2,0,1
758,8,1,1,0.5699504877,86,0,1
760,347,0,1,2.569314928,3,0,1
760,347,1,1,1.016362894,41,0,1
760,290,1,1,2.566514272,2,1,1
760,290,0,1,0.2426743287,54,0,1
760,620,1,1,2.565819555,2,0,1
760,620,0,1,2.057696841,68,0,1
760,8,0,1,2.565497604,2,0,1
760,8,1,1,0.5641074273,86,0,1
762,347,0,1,2.569375663,3,0,1
762,347,1,1,1.017536741,41,0,1
762,453,0,1,2.566599646,2,0,1
762,453,1,1,2.246581633,17,0,1
762,620,1,1,2.565881372,2,0,1
762,620,0,1,2.071463841,68,0,1
762,781,1,1,2.565547684,1,1,1
762,781,0,1,-0.8102516284,66,0,1
764,347,0,1,2.569285351,3,0,1
764,347,1,1,1.017507987,41,0,1
764,453,0,1,2.566470699,2,1,1
764,453,1,1,2.246141302,18,0,1
764,620,1,1,2.565717918,2,0,1
764,620,0,1,2.07146938,68,0,1
764,8,0,1,2.565386378,2,0,1
764,8,1,1,0.5698193126,86,0,1
766,347,0,1,2.569390217,3,0,1
766,347,1,1,1.016354759,41,0,1
766,290,1,1,2.566403288,2,1,1
766,290,0,1,0.2425134617,54,0,1
766,620,1,1,2.565837848,2,0,1
766,620,0,1,2.057680082,68,0,1
766,8,0,1,2.565409379,2,0,1
766,8,1,1,0.5640768949,86,0,1
768,347,0,1,2.569388751,3,0,1
768,347,1,1,1.017479856,41,0,1
768,453,0,1,2.566531441,2,0,1
768,453,1,1,2.2465151,17,0,1
768,620,1,1,2.565781666,2,0,1
768,620,0,1,2.071493532,68,0,1
768,781,1,1,2.565537031,1,1,1
768,781,0,1,-0.810339918,66,0,1
770,347,0,1,2.569309623,3,0,1
770,347,1,1,1.017548501,41,0,1
770,453,0,1,2.566475089,2,0,1
770,453,1,1,2.246099636,18,0,1
770,620,1,1,2.565667267,2,0,1
770,620,0,1,2.071481535,68,0,1
770,781,1,1,2.565610483,1,1,1
770,781,0,1,-0.8101442322,66,0,1
772,347,0,1,2.569423295,3,0,1
772,347,1,1,1.017590963,41,0,1
772,453,0,1,2.566577001,2,1,1
772,453,1,1,2.24655791,17,0,1
772,620,1,1,2.565718012,2,0,1
772,620,0,1,2.071435468,68,0,1
772,8,0,1,2.565521162,2,0,1
772,8,1,1,0.5698981509,86,0,1
774,347,0,1,2.569301068,3,0,1
774,347,1,1,1.016337151,41,0,1
774,290,1,1,2.56635791,2,1,1
774,290,0,1,0.2394417032,53,0,1
774,620,1,1,2.565756037,2,0,1
774,620,0,1,2.057709637,68,0,1
774,8,0,1,2.565372235,2,0,1
774,8,1,1,0.5640769613,86,0,1
776,347,0,1,2.569456525,3,0,1
776,347,1,1,1.016315223,41,0,1
776,290,1,1,2.56644092,2,1,1
776,290,0,1,0.2425486315,54,0,1
776,620,1,1,2.565747455,2,0,1
776,620,0,1,2.057726108,68,0,1
776,8,0,1,2.565447681,2,0,1
776,8,1,1,0.5640522248,86,0,1
777,347,0,1,2.557324321,3,0,1
777,347,1,1,1.003349013,41,0,1
777,620,1,1,2.553650112,2,0,1
777,620,0,1,2.055369092,68,0,1
777,781,1,1,2.553573212,1,1,1
777,781,0,1,-0.8286829123,66,0,1
777,8,0,1,2.553308426,2,0,1
777,8,1,1,0.5636202768,86,0,1
779,347,0,1,2.557345519,3,0,1
779,347,1,1,1.003147435,41,0,1
779,620,1,1,2.553634087,2,0,1
779,620,0,1,2.055356808,68,0,1
779,781,1,1,2.553452076,1,1,1
779,781,0,1,-0.8287504818,66,0,1
779,88,0,1,2.553422107,2,0,1
779,88,1,1,0.679122713,48,0,1
781,347,0,1,2.557356081,3,0,1
781,347,1,1,1.003185168,41,0,1
781,620,1,1,2.553621741,2,0,1
781,620,0,1,2.055374046,68,0,1
781,781,1,1,2.553564278,1,1,1
781,781,0,1,-0.8286558223,66,0,1
781,88,0,1,2.553378269,2,0,1
781,88,1,1,0.6790995398,48,0,1
783,347,0,1,2.557455366,3,0,1
783,347,1,1,1.003277606,41,0,1
783,620,1,1,2.553620773,2,0,1
783,620,0,1,2.05539365,68,0,1
783,781,1,1,2.553582194,1,1,1
783,781,0,1,-0.8286120617,66,0,1
783,88,0,1,2.553366836,2,0,1
783,88,1,1,0.6790680863,48,0,1
785,347,0,1,2.557457789,3,0,1
785,347,1,1,1.003167369,41,0,1
785,620,1,1,2.553549081,2,0,1
785,620,0,1,2.055396012,68,0,1
785,781,1,1,2.553601663,1,1,1
785,781,0,1,-0.8287322605,66,0,1
785,88,0,1,2.553323184,2,0,1
785,88,1,1,0.6790343831,48,0,1
787,347,0,1,2.557429613,3,0,1
787,347,1,1,1.003218079,41,0,1
787,620,1,1,2.553561784,2,0,1
787,620,0,1,2.05538426,68,0,1
787,781,1,1,2.553640578,1,1,1
787,781,0,1,-0.8286868459,66,0,1
787,88,0,1,2.553318469,2,0,1
787,88,1,1,0.6791096593,48,0,1
789,347,0,1,2.557404603,3,0,1
789,347,1,1,1.003232073,41,0,1
789,620,1,1,2.553569615,2,0,1
789,620,0,1,2.055372924,68,0,1
789,781,1,1,2.553650163,1,1,1
789,781,0,1,-0.8286741024,66,0,1
789,88,0,1,2.553352637,2,0,1
789,88,1,1,0.6790599051,48,0,1
791,347,0,1,2.557404596,3,0,1
791,347,1,1,1.003190906,41,0,1
791,620,1,1,2.553553754,2,0,1
791,620,0,1,2.05538977,68,0,1
791,781,1,1,2.553642376,1,1,1
791,781,0,1,-0.8286839279,66,0,1
791,88,0,1,2.55330307,2,0,1
791,88,1,1,0.6790369725,48,0,1
793,347,0,1,2.557426124,3,0,1
793,347,1,1,1.003231586,41,0,1
793,620,1,1,2.553539497,2,0,1
793,620,0,1,2.055392556,68,0,1
793,781,1,1,2.553649095,1,1,1
793,781,0,1,-0.8286761309,66,0,1
793,88,0,1,2.553325121,2,0,1
793,88,1,1,0.6790856641,48,0,1
795,347,0,1,2.557454899,3,0,1
795,347,1,1,1.003220753,41,0,1
795,620,1,1,2.553563298,2,0,1
795,620,0,1,2.055384718,68,0,1
795,781,1,1,2.553640108,1,1,1
795,781,0,1,-0.8286615537,66,0,1
795,88,0,1,2.553337251,2,0,1
795,88,1,1,0.6790566185,48,0,1
796,347,0,1,2.544692897,3,0,1
796,347,1,1,0.991767676,41,0,1
796,620,1,1,2.540656994,2,1,1
796,620,0,1,2.054911132,68,0,1
796,88,0,1,2.540652702,3,0,1
796,88,1,1,0.6627816367,48,0,1
796,8,0,1,2.540258574,2,0,1
796,8,1,1,0.5630260108,86,0,1
798,347,0,1,2.544580426,3,0,1
798,347,1,1,0.9844861687,41,0,1
798,88,0,1,2.540979507,2,0,1
798,88,1,1,0.6604171716,48,0,1
798,781,1,1,2.540733886,1,1,1
798,781,0,1,-0.8441909666,73,0,1
798,8,0,1,2.540641791,2,0,1
798,8,1,1,0.5194322894,87,0,1
800,347,0,1,2.544607844,3,0,1
800,347,1,1,0.9843849417,41,0,1
800,88,0,1,2.540770265,2,0,1
800,88,1,1,0.6603889815,48,0,1
800,781,1,1,2.540695407,1,1,1
800,781,0,1,-0.843996808,73,0,1
800,8,0,1,2.54053472,2,0,1
800,8,1,1,0.5194365515,87,0,1
802,347,0,1,2.544565533,3,0,1
802,347,1,1,0.9844595332,41,0,1
802,781,1,1,2.540808555,1,1,1
802,781,0,1,-0.84410754,73,0,1
802,88,0,1,2.540620585,2,0,1
802,88,1,1,0.660419379,48,0,1
802,8,0,1,2.540475964,2,0,1
802,8,1,1,0.5194317359,87,0,1
804,347,0,1,2.544608383,3,0,1
804,347,1,1,0.9844059354,41,0,1
804,781,1,1,2.540836708,1,1,1
804,781,0,1,-0.8441627657,73,0,1
804,88,0,1,2.54064164,2,0,1
804,88,1,1,0.6603774592,48,0,1
804,8,0,1,2.540552943,2,0,1
804,8,1,1,0.5194397428,87,0,1
806,347,0,1,2.544595992,3,0,1
806,347,1,1,0.9844087169,41,0,1
806,781,1,1,2.54085478,1,1,1
806,781,0,1,-0.8440452286,73,0,1
806,88,0,1,2.540586776,2,0,1
806,88,1,1,0.6603585721,48,0,1
806,8,0,1,2.54049847,2,0,1
806,8,1,1,0.5194433641,87,0,1
808,347,0,1,2.544582425,3,0,1
808,347,1,1,0.9844385353,41,0,1
808,781,1,1,2.540880173,1,1,1
808,781,0,1,-0.8440580555,73,0,1
808,88,0,1,2.540614513,2,0,1
808,88,1,1,0.6604023224,48,0,1
808,8,0,1,2.540518002,2,0,1
808,8,1,1,0.5194511218,87,0,1
810,347,0,1,2.544590492,3,0,1
810,347,1,1,0.9843994674,41,0,1
810,781,1,1,2.540852075,1,1,1
810,781,0,1,-0.8441437309,73,0,1
810,88,0,1,2.540617163,2,0,1
810,88,1,1,0.6603545789,48,0,1
810,8,0,1,2.540540426,2,0,1
810,8,1,1,0.5194565855,87,0,1
812,347,0,1,2.544589238,3,0,1
812,347,1,1,0.9844244989,41,0,1
812,781,1,1,2.540856107,1,1,1
812,781,0,1,-0.8440544557,73,0,1
812,88,0,1,2.540589848,2,0,1
812,88,1,1,0.6603889248,48,0,1
812,8,0,1,2.540512673,2,0,1
812,8,1,1,0.5194581278,87,0,1
814,347,0,1,2.544611802,3,0,1
814,347,1,1,0.9844374415,41,0,1
814,781,1,1,2.540858433,1,1,1
814,781,0,1,-0.844080749,73,0,1
814,88,0,1,2.540604972,2,0,1
814,88,1,1,0.6603703015,48,0,1
814,8,0,1,2.540536597,2,0,1
814,8,1,1,0.5194600807,87,0,1
815,347,0,1,2.531919629,3,0,1
815,347,1,1,0.9747534895,43,0,1
815,88,0,1,2.527957418,3,0,1
815,88,1,1,0.6441663641,48,0,1
815,8,0,1,2.527644871,2,1,1
815,8,1,1,0.5206116626,86,0,1
815,444,0,1,2.527530308,2,0,1
815,444,1,1,0.5825635886,96,0,1
817,347,0,1,2.531801143,3,0,1
817,347,1,1,0.9730972717,41,0,1
817,88,0,1,2.527782473,2,1,1
817,88,1,1,0.6441604759,48,0,1
817,8,0,1,2.527745737,2,0,1
817,8,1,1,0.5206630303,86,0,1
817,444,0,1,2.527596316,2,0,1
817,444,1,1,0.5821124332,96,0,1
819,347,0,1,2.531822974,3,0,1
819,347,1,1,0.972997649,41,0,1
819,88,0,1,2.527941878,2,1,1
819,88,1,1,0.6442259739,48,0,1
819,8,0,1,2.527754284,2,0,1
819,8,1,1,0.5204162492,86,0,1
819,444,0,1,2.527790395,2,0,1
819,444,1,1,0.5830856047,96,0,1
821,347,0,1,2.531879095,3,0,1
821,347,1,1,0.9751116165,41,0,1
821,781,1,1,2.527883742,1,1,1
821,781,0,1,-0.8608689866,73,0,1
821,8,0,1,2.527742791,2,0,1
821,8,1,1,0.5137210856,74,0,1
821,444,0,1,2.528041782,2,0,1
821,444,1,0,0,-1,0,1
823,347,0,1,2.5317393,3,0,1
823,347,1,1,0.9769572969,43,0,1
823,781,1,1,2.527974584,1,1,1
823,781,0,1,-0.8609084466,73,0,1
823,444,0,1,2.527891161,2,0,1
823,444,1,0,0,-1,0,1
823,8,0,1,2.527545704,2,0,1
823,8,1,1,0.5138230637,74,0,1
825,347,0,1,2.531869462,3,0,1
825,347,1,1,0.9752151815,41,0,1
825,781,1,1,2.528047416,1,1,1
825,781,0,1,-0.8609810822,73,0,1
825,444,0,1,2.527806828,2,0,1
825,444,1,1,0.5817188514,94,0,1
825,8,0,1,2.527465888,2,0,1
825,8,1,1,0.5138298855,74,0,1
827,347,0,1,2.531965683,3,0,1
827,347,1,1,0.9826280363,41,0,1
827,620,1,1,2.528161606,2,1,1
827,620,0,1,2.050947506,67,0,1
827,444,0,1,2.527724835,2,0,1
827,444,1,1,0.6176904848,90,0,1
827,8,0,1,2.527660455,2,0,1
827,8,1,1,0.5543136523,73,0,1
829,347,0,1,2.531955076,3,0,1
829,347,1,1,0.9751487213,41,0,1
829,781,1,1,2.527964417,1,1,1
829,781,0,1,-0.8610137529,73,0,1
829,444,0,1,2.527988301,2,0,1
829,444,1,0,0,-1,0,1
829,8,0,1,2.527611569,2,0,1
829,8,1,1,0.5139669879,74,0,1
831,347,0,1,2.531849013,3,0,1
831,347,1,1,0.9750961716,41,0,1
831,781,1,1,2.527882408,1,1,1
831,781,0,1,-0.8608714291,73,0,1
831,444,0,1,2.527912886,2,0,1
831,444,1,0,0,-1,0,1
831,611,1,1,2.527572509,2,0,1
831,611,0,1,0.2324959339,55,0,1
833,347,0,1,2.531706452,3,0,1
833,347,1,1,0.9752052742,41,0,1
833,781,1,1,2.527926572,1,1,1
833,781,0,1,-0.8609123612,73,0,1
833,444,0,1,2.528002888,2,0,1
833,444,1,0,0,-1,0,1
833,611,1,1,2.527744164,2,0,1
833,611,0,1,0.232545412,55,0,1
834,347,0,1,2.519289238,3,0,1
834,347,1,1,0.9640914744,41,0,1
834,444,0,1,2.515215981,2,1,1
834,444,1,0,0,-1,0,1
834,8,0,1,2.514902267,2,0,1
834,8,1,1,0.5181755091,86,0,1
834,611,1,1,2.514993271,2,0,1
834,611,0,1,0.2199268475,62,0,1
836,347,0,1,2.519362564,3,0,1
836,347,1,1,0.9639475925,41,0,1
836,444,0,1,2.515218138,2,1,1
836,444,1,0,0,-1,0,1
836,611,1,1,2.514879724,2,0,1
836,611,0,1,0.2201771677,62,0,1
836,8,0,1,2.514748521,2,0,1
836,8,1,1,0.5180495686,86,0,1
838,347,0,1,2.519374266,3,0,1
838,347,1,1,0.9639790235,41,0,1
838,444,0,1,2.515359683,2,1,1
838,444,1,0,0,-1,0,1
838,611,1,1,2.515021299,2,0,1
838,611,0,1,0.2198934479,62,0,1
838,8,0,1,2.514780148,2,0,1
838,8,1,1,0.5179881897,86,0,1
840,347,0,1,2.519307095,3,0,1
840,347,1,1,0.9639485255,41,0,1
840,444,0,1,2.515394936,2,1,1
840,444,1,0,0,-1,0,1
840,611,1,1,2.515052863,2,0,1
840,611,0,1,0.2200003406,62,0,1
840,8,0,1,2.514789551,2,0,1
840,8,1,1,0.5179665236,86,0,1
842,347,0,1,2.519349261,3,0,1
842,347,1,1,0.9639720898,41,0,1
842,444,0,1,2.515415814,2,0,1
842,444,1,0,0,-1,0,1
842,611,1,1,2.515110537,2,0,1
842,611,0,1,0.2170768102,55,0,1
842,2,1,1,2.515493547,2,1,1
842,2,0,1,0.5068719433,63,0,1
844,347,0,1,2.519486507,3,0,1
844,347,1,1,0.9640064739,41,0,1
844,611,1,1,2.515097499,2,0,1
844,611,0,1,0.2170608581,55,0,1
844,444,0,1,2.515341891,2,0,1
844,444,1,0,0,-1,0,1
844,2,1,1,2.515461814,2,1,1
844,2,0,1,0.5068615447,63,0,1
846,347,0,1,2.519403928,3,0,1
846,347,1,1,0.964025792,41,0,1
846,444,0,1,2.515300195,2,0,1
846,444,1,0,0,-1,0,1
846,611,1,1,2.515123529,2,0,1
846,611,0,1,0.2198129817,62,0,1
846,2,1,1,2.515420181,2,1,1
846,2,0,1,0.5069427882,63,0,1
848,347,0,1,2.5194271,3,0,1
848,347,1,1,0.9639844718,41,0,1
848,444,0,1,2.515281648,2,0,1
848,444,1,0,0,-1,0,1
848,611,1,1,2.515116366,2,0,1
848,611,0,1,0.2170516781,55,0,1
848,2,1,1,2.515484279,2,1,1
848,2,0,1,0.5068911959,63,0,1
850,347,0,1,2.519470134,3,0,1
850,347,1,1,0.9640036565,41,0,1
850,611,1,1,2.515120967,2,0,1
850,611,0,1,0.2170170039,55,0,1
850,444,0,1,2.515283925,2,0,1
850,444,1,0,0,-1,0,1
850,2,1,1,2.515484252,2,1,1
850,2,0,1,0.5068823915,63,0,1
852,347,0,1,2.519454779,3,0,1
852,347,1,1,0.9639970857,41,0,1
852,611,1,1,2.515098732,2,0,1
852,611,0,1,0.2171081576,55,0,1
852,444,0,1,2.515283548,2,0,1
852,444,1,0,0,-1,0,1
852,2,1,1,2.515461233,2,1,1
852,2,0,1,0.5069196136,63,0,1
853,347,0,1,2.506899501,3,0,1
853,347,1,1,0.9580949219,41,0,1
853,611,1,1,2.503030826,2,1,1
853,611,0,1,0.1275917345,62,0,1
853,444,0,1,2.502705065,2,0,1
853,444,1,1,0.5836004742,91,0,1
853,8,0,1,2.502032995,2,0,1
853,8,1,1,0.5130629359,73,0,1
855,347,0,1,2.506642411,3,0,1
855,347,1,1,0.9506534407,41,0,1
855,2,1,1,2.503192554,2,1,1
855,2,0,1,0.465902911,64,0,1
855,444,0,1,2.502616242,2,0,1
855,444,1,1,0.5799913109,91,0,1
855,987,1,1,2.501786744,2,0,1
855,987,0,1,0.3681674286,52,0,1
857,347,0,1,2.507049597,3,0,1
857,347,1,1,0.9555961877,41,0,1
857,781,1,1,2.503254623,1,1,1
857,781,0,1,-0.9067304197,73,0,1
857,444,0,1,2.50331927,2,0,1
857,444,1,0,0,-1,0,1
857,987,1,1,2.502740018,2,0,1
857,987,0,1,0.3691694524,52,0,1
859,347,0,1,2.506650535,3,0,1
859,347,1,1,0.9543753026,42,0,1
859,88,0,1,2.503310324,2,1,1
859,88,1,1,0.5988010809,54,0,1
859,444,0,1,2.502882505,2,0,1
859,444,1,1,0.5796194002,91,0,1
859,987,1,1,2.502404208,2,0,1
859,987,0,1,0.3658880725,57,0,1
861,347,0,1,2.507796318,3,0,1
861,347,1,1,0.9642863406,41,0,1
861,444,0,1,2.503457193,2,1,1
861,444,1,1,0.6208312239,85,0,1
861,620,1,1,2.50322147,2,0,1
861,620,0,1,2.0489559,66,0,1
861,987,1,1,2.503117079,2,0,1
861,987,0,1,0.373562849,58,0,1
863,347,0,1,2.507718365,3,0,1
863,347,1,1,0.9641895959,41,0,1
863,444,0,1,2.503605576,2,1,1
863,444,1,1,0.621454423,85,0,1
863,620,1,1,2.503261934,2,0,1
863,620,0,1,2.048825132,66,0,1
863,987,1,1,2.503300656,2,0,1
863,987,0,1,0.3736115407,58,0,1
865,347,0,1,2.506833266,3,0,1
865,347,1,1,0.9639537147,41,0,1
865,611,1,1,2.503565025,2,1,1
865,611,0,1,0.1156295581,62,0,1
865,620,1,1,2.502824124,2,0,1
865,620,0,1,2.035931512,66,0,1
865,987,1,1,2.502682769,2,0,1
865,987,0,1,0.3594308818,56,0,1
867,347,0,1,2.507466246,3,0,1
867,347,1,1,0.9619138229,41,0,1
867,781,1,1,2.503502707,1,1,1
867,781,0,1,-0.905468865,73,0,1
867,620,1,1,2.503264842,2,0,1
867,620,0,1,2.034716937,66,0,1
867,987,1,1,2.50322415,2,0,1
867,987,0,1,0.3623857422,57,0,1
869,347,0,1,2.506463285,3,0,1
869,347,1,1,0.9568373741,41,0,1
869,2,1,1,2.503657992,2,1,1
869,2,0,1,0.4545276601,64,0,1
869,620,1,1,2.502535249,2,0,1
869,620,0,1,2.034039972,67,0,1
869,987,1,1,2.502153299,2,0,1
869,987,0,1,0.3599989326,57,0,1
871,347,0,1,2.507788754,3,0,1
871,347,1,1,0.9642230721,41,0,1
871,444,0,1,2.503700901,2,1,1
871,444,1,1,0.6220616279,85,0,1
871,620,1,1,2.503458774,2,0,1
871,620,0,1,2.051160838,65,0,1
871,987,1,1,2.503510037,2,0,1
871,987,0,1,0.3720064497,57,0,1
872,347,0,1,2.495254423,3,0,1
872,347,1,1,0.9519402984,41,0,1
872,987,1,1,2.491036908,2,1,1
872,987,0,1,0.3538462098,58,0,1
872,620,1,1,2.4909745,2,0,1
872,620,0,1,2.034065692,66,0,1
872,731,1,1,2.490324216,2,0,1
872,731,0,1,1.93042816,22,0,1
874,347,0,1,2.495233109,3,0,1
874,347,1,1,0.9517783573,41,0,1
874,620,1,1,2.491032575,2,0,1
874,620,0,1,2.033997757,66,0,1
874,987,1,1,2.491058563,2,1,1
874,987,0,1,0.3543338616,56,0,1
874,731,1,1,2.49042247,2,0,1
874,731,0,1,1.930369302,21,0,1
876,347,0,1,2.495263026,3,0,1
876,347,1,1,0.9529400976,42,0,1
876,987,1,1,2.491126666,2,1,1
876,987,0,1,0.3543219797,56,0,1
876,620,1,1,2.491048083,2,0,1
876,620,0,1,2.033925078,66,0,1
876,731,1,1,2.490445771,2,0,1
876,731,0,1,1.930338163,21,0,1
878,347,0,1,2.495256367,3,0,1
878,347,1,1,0.9529638592,42,0,1
878,987,1,1,2.491137771,2,1,1
878,987,0,1,0.354323791,56,0,1
878,620,1,1,2.49104525,2,0,1
878,620,0,1,2.033894414,66,0,1
878,731,1,1,2.49047357,2,0,1
878,731,0,1,1.930327617,21,0,1
880,347,0,1,2.495264267,3,0,1
880,347,1,1,0.9517006377,41,0,1
880,987,1,1,2.491154985,2,1,1
880,987,0,1,0.3543270537,56,0,1
880,620,1,1,2.491033921,2,0,1
880,620,0,1,2.033883295,66,0,1
880,731,1,1,2.490441828,2,0,1
880,731,0,1,1.930283404,21,0,1
882,347,0,1,2.495016528,3,0,1
882,347,1,1,0.9512796251,42,0,1
882,444,0,1,2.491244585,2,1,1
882,444,1,1,0.6054249826,96,0,1
882,620,1,1,2.490653488,2,0,1
882,620,0,1,2.045338245,65,0,1
882,731,1,1,2.490108538,2,0,1
882,731,0,1,1.935392289,21,0,1
884,347,0,1,2.495265665,3,0,1
884,347,1,1,0.9529081023,42,0,1
884,987,1,1,2.49115648,2,1,1
884,987,0,1,0.3542894521,56,0,1
884,620,1,1,2.491051292,2,0,1
884,620,0,1,2.033855004,66,0,1
884,731,1,1,2.490441812,2,0,1
884,731,0,1,1.93030221,21,0,1
886,347,0,1,2.494715429,3,0,1
886,347,1,1,0.9479484768,41,0,1
886,781,1,1,2.491061443,1,1,1
886,781,0,1,-0.9234839791,72,0,1
886,620,1,1,2.490590464,2,0,1
886,620,0,1,2.029307555,66,0,1
886,731,1,1,2.490211766,2,0,1
886,731,0,1,1.929643755,21,0,1
888,347,0,1,2.495231838,3,0,1
888,347,1,1,0.9517708194,41,0,1
888,620,1,1,2.490957576,2,0,1
888,620,0,1,2.03390078,66,0,1
888,987,1,1,2.491054586,2,1,1
888,987,0,1,0.354359835,56,0,1
888,731,1,1,2.490358482,2,0,1
888,731,0,1,1.930587778,22,0,1
890,347,0,1,2.495297079,3,0,1
890,347,1,1,0.9517569502,41,0,1
890,987,1,1,2.491118331,2,1,1
890,987,0,1,0.35429785,56,0,1
890,620,1,1,2.491036842,2,0,1
890,620,0,1,2.033860538,66,0,1
890,731,1,1,2.490391864,2,0,1
890,731,0,1,1.930512065,22,0,1
891,347,0,1,2.482747646,3,0,1
891,347,1,1,0.9406143255,43,0,1
891,620,1,1,2.478440466,2,1,1
891,620,0,1,2.028707199,66,0,1
891,731,1,1,2.478023054,2,0,1
891,731,0,1,1.917871882,21,0,1
891,138,0,1,2.477195701,2,0,1
891,138,1,1,-0.04436570279,85,0,1
893,347,0,1,2.482743717,3,0,1
893,347,1,1,0.9382658215,41,0,1
893,620,1,1,2.478429374,2,1,1
893,620,0,1,2.028714724,66,0,1
893,731,1,1,2.478129549,2,0,1
893,731,0,1,1.917902645,21,0,1
893,138,0,1,2.477261205,2,0,1
893,138,1,1,-0.04441043026,85,0,1
895,347,0,1,2.482678906,3,0,1
895,347,1,1,0.9382876509,41,0,1
895,620,1,1,2.478445601,2,1,1
895,620,0,1,2.028635062,66,0,1
895,731,1,1,2.47807073,2,0,1
895,731,0,1,1.917858039,21,0,1
895,8,0,1,2.477143923,2,0,1
895,8,1,1,0.5565179831,87,0,1
897,347,0,1,2.482643702,3,0,1
897,347,1,1,0.9382717008,41,0,1
897,620,1,1,2.478437604,2,1,1
897,620,0,1,2.028654416,66,0,1
897,731,1,1,2.478077625,2,0,1
897,731,0,1,1.917886848,21,0,1
897,138,0,1,2.477207797,2,0,1
897,138,1,1,-0.0449080812,85,0,1
899,347,0,1,2.482584689,3,0,1
899,347,1,1,0.9332377399,41,0,1
899,987,1,1,2.478650829,2,1,1
899,987,0,1,0.3397452756,56,0,1
899,731,1,1,2.47803158,3,0,1
899,731,0,1,1.916767444,22,0,1
899,138,0,1,2.477013231,2,0,1
899,138,1,1,-0.04526416217,85,0,1
901,347,0,1,2.48279742,3,0,1
901,347,1,1,0.9382205002,41,0,1
901,620,1,1,2.478686332,2,1,1
901,620,0,1,2.028674007,66,0,1
901,731,1,1,2.478247478,2,0,1
901,731,0,1,1.917763964,21,0,1
901,138,0,1,2.477423657,2,0,1
901,138,1,1,-0.04428839842,85,0,1
903,347,0,1,2.482720031,3,0,1
903,347,1,1,0.9381909663,41,0,1
903,620,1,1,2.47849349,2,1,1
903,620,0,1,2.02866215,66,0,1
903,731,1,1,2.478176643,2,0,1
903,731,0,1,1.917740226,21,0,1
903,138,0,1,2.477335461,2,0,1
903,138,1,1,-0.04485403009,85,0,1
905,347,0,1,2.482695663,3,0,1
905,347,1,1,0.939328839,42,0,1
905,620,1,1,2.478597927,2,1,1
905,620,0,1,2.028658106,66,0,1
905,731,1,1,2.478245858,2,0,1
905,731,0,1,1.917825021,21,0,1
905,138,0,1,2.477382804,2,0,1
905,138,1,1,-0.04471924738,85,0,1
907,347,0,1,2.482729128,3,0,1
907,347,1,1,0.9382467761,41,0,1
907,620,1,1,2.47856051,2,1,1
907,620,0,1,2.028653257,66,0,1
907,731,1,1,2.478159451,2,0,1
907,731,0,1,1.917821702,21,0,1
907,138,0,1,2.477299169,2,0,1
907,138,1,1,-0.04506549528,85,0,1
909,347,0,1,2.482715132,3,0,1
909,347,1,1,0.9382607415,41,0,1
909,620,1,1,2.478501626,2,1,1
909,620,0,1,2.028652004,66,0,1
909,731,1,1,2.478137906,2,0,1
909,731,0,1,1.91785031,21,0,1
909,138,0,1,2.477257613,2,0,1
909,138,1,1,-0.04502642028,85,0,1
910,347,0,1,2.470127168,3,0,1
910,347,1,1,0.9207948555,42,0,1
910,731,1,1,2.46564457,2,1,1
910,731,0,1,1.903869948,22,0,1
910,138,0,1,2.464535595,2,0,1
910,138,1,1,-0.04882042395,85,0,1
910,8,0,1,2.464598963,2,0,1
910,8,1,1,0.50905239,86,0,1
912,347,0,1,2.470138641,3,0,1
912,347,1,1,0.9222179906,43,0,1
912,731,1,1,2.465928611,2,1,1
912,731,0,1,1.903920626,21,0,1
912,138,0,1,2.46469795,2,0,1
912,138,1,1,-0.04905393671,85,0,1
912,8,0,1,2.464786483,2,0,1
912,8,1,1,0.509107776,86,0,1
914,347,0,1,2.470155559,3,0,1
914,347,1,1,0.9220618658,43,0,1
914,731,1,1,2.465888271,2,1,1
914,731,0,1,1.903853677,22,0,1
914,8,0,1,2.464692752,2,0,1
914,8,1,1,0.5091489885,86,0,1
914,138,0,1,2.464599767,2,0,1
914,138,1,1,-0.04916291157,85,0,1
916,347,0,1,2.470093145,3,0,1
916,347,1,1,0.9220733413,43,0,1
916,731,1,1,2.465841715,2,1,1
916,731,0,1,1.904079891,21,0,1
916,8,0,1,2.464638609,2,0,1
916,8,1,1,0.5091813577,86,0,1
916,138,0,1,2.464564406,2,0,1
916,138,1,1,-0.04939018203,85,0,1
918,347,0,1,2.470000664,3,0,1
918,347,1,1,0.9198324848,41,0,1
918,731,1,1,2.465908215,2,1,1
918,731,0,1,1.904023733,21,0,1
918,8,0,1,2.464682545,2,0,1
918,8,1,1,0.5091881438,86,0,1
918,138,0,1,2.464641321,2,0,1
918,138,1,1,-0.04955883146,85,0,1
920,347,0,1,2.469976991,3,0,1
920,347,1,1,0.9198129162,41,0,1
920,731,1,1,2.466014208,2,1,1
920,731,0,1,1.904049862,21,0,1
920,138,0,1,2.464744677,2,0,1
920,138,1,1,-0.04961110663,85,0,1
920,8,0,1,2.46479668,2,0,1
920,8,1,1,0.5091829617,86,0,1
922,347,0,1,2.47003805,3,0,1
922,347,1,1,0.9198311117,41,0,1
922,731,1,1,2.466082561,2,1,1
922,731,0,1,1.90400819,21,0,1
922,138,0,1,2.464803169,2,0,1
922,138,1,1,-0.04961214986,85,0,1
922,8,0,1,2.464863209,2,0,1
922,8,1,1,0.5091749784,86,0,1
924,347,0,1,2.470102679,3,0,1
924,347,1,1,0.9219702627,43,0,1
924,731,1,1,2.466094801,2,1,1
924,731,0,1,1.904042632,21,0,1
924,8,0,1,2.464895386,2,0,1
924,8,1,1,0.5091680031,86,0,1
924,138,0,1,2.464812734,2,0,1
924,138,1,1,-0.04962292734,85,0,1
926,347,0,1,2.470159908,3,0,1
926,347,1,1,0.921943105,43,0,1
926,731,1,1,2.46609839,2,1,1
926,731,0,1,1.904023301,21,0,1
926,8,0,1,2.464892622,2,0,1
926,8,1,1,0.5091679171,86,0,1
926,138,0,1,2.464794366,2,0,1
926,138,1,1,-0.04962208894,85,0,1
928,347,0,1,2.470208392,3,0,1
928,347,1,1,0.9219712605,43,0,1
928,731,1,1,2.466078294,2,1,1
928,731,0,1,1.90405805,21,0,1
928,8,0,1,2.464866126,2,0,1
928,8,1,1,0.5091681196,86,0,1
928,138,0,1,2.464754519,2,0,1
928,138,1,1,-0.04960951591,85,0,1
929,347,0,1,2.457627573,3,0,1
929,347,1,1,0.90684993,43,0,1
929,138,0,1,2.452050693,2,1,1
929,138,1,1,-0.05742236367,82,0,1
929,8,0,1,2.451977333,2,0,1
929,8,1,1,0.4878741479,86,0,1
929,183,0,1,2.451370196,2,0,1
929,183,1,1,0.6002713668,72,0,1
931,347,0,1,2.457593686,3,0,1
931,347,1,1,0.9067441118,43,0,1
931,8,0,1,2.451947944,2,0,1
931,8,1,1,0.4878918552,86,0,1
931,138,0,1,2.452032733,2,1,1
931,138,1,1,-0.05771101125,82,0,1
931,184,0,1,2.451386726,3,0,1
931,184,1,1,1.223428989,44,0,1
933,347,0,1,2.457532634,3,0,1
933,347,1,1,0.9066836868,43,0,1
933,8,0,1,2.451991941,2,0,1
933,8,1,1,0.487916637,86,0,1
933,138,0,1,2.452008152,2,1,1
933,138,1,1,-0.05782419999,82,0,1
933,184,0,1,2.451323883,3,0,1
933,184,1,1,1.224953261,46,0,1
935,347,0,1,2.457477076,3,0,1
935,347,1,1,0.9066518825,43,0,1
935,8,0,1,2.452007702,2,0,1
935,8,1,1,0.4879159303,86,0,1
935,138,0,1,2.452017174,2,1,1
935,138,1,1,-0.05805420241,82,0,1
935,184,0,1,2.451255637,3,0,1
935,184,1,1,1.224991827,46,0,1
937,347,0,1,2.457488976,3,0,1
937,347,1,1,0.906631494,43,0,1
937,8,0,1,2.452013285,2,0,1
937,8,1,1,0.4879195763,86,0,1
937,138,0,1,2.452022212,2,1,1
937,138,1,1,-0.05823478448,82,0,1
937,184,0,1,2.451257061,3,0,1
937,184,1,1,1.224998885,46,0,1
939,347,0,1,2.457506924,3,0,1
939,347,1,1,0.9066464263,43,0,1
939,8,0,1,2.452019245,2,1,1
939,8,1,1,0.4879220056,86,0,1
939,138,0,1,2.452009184,2,0,1
939,138,1,1,-0.05825406136,82,0,1
939,184,0,1,2.45123732,3,0,1
939,184,1,1,1.225013117,46,0,1
941,347,0,1,2.457451493,3,0,1
941,347,1,1,0.9065089266,43,0,1
941,138,0,1,2.452046022,2,0,1
941,138,1,1,-0.05747690199,82,0,1
941,8,0,1,2.45211406,2,1,1
941,8,1,1,0.487910079,86,0,1
941,183,0,1,2.451478884,2,0,1
941,183,1,1,0.6002910535,72,0,1
943,347,0,1,2.457422224,3,0,1
943,347,1,1,0.9064840692,43,0,1
943,138,0,1,2.452242182,2,0,1
943,138,1,1,-0.05692938563,82,0,1
943,8,0,1,2.452268818,2,1,1
943,8,1,1,0.4879036257,86,0,1
943,183,0,1,2.451612467,2,0,1
943,183,1,1,0.6002828462,72,0,1
945,347,0,1,2.457395406,3,0,1
945,347,1,1,0.9064324048,43,0,1
945,138,0,1,2.452323139,2,0,1
945,138,1,1,-0.05653498517,82,0,1
945,8,0,1,2.45237058,2,1,1
945,8,1,1,0.4879028883,86,0,1
945,183,0,1,2.451698223,2,0,1
945,183,1,1,0.6002860452,72,0,1
947,347,0,1,2.457367879,3,0,1
947,347,1,1,0.9064644125,43,0,1
947,8,0,1,2.452432057,2,1,1
947,8,1,1,0.4878937847,86,0,1
947,138,0,1,2.452373412,2,0,1
947,138,1,1,-0.05626309805,82,0,1
947,183,0,1,2.45175595,2,0,1
947,183,1,1,0.6002852717,72,0,1
948,347,0,1,2.443323067,3,0,1
948,347,1,1,0.8961936737,43,0,1
948,138,0,1,2.438448395,2,1,1
948,138,1,1,-0.08434133706,91,0,1
948,183,0,1,2.438014308,2,0,1
948,183,1,1,0.5192017262,78,0,1
948,184,0,1,2.43745148,3,0,1
948,184,1,1,1.208759618,46,0,1
950,347,0,1,2.443360158,3,0,1
950,347,1,1,0.8959925898,43,0,1
950,138,0,1,2.438142337,2,1,1
950,138,1,1,-0.08228401526,91,0,1
950,183,0,1,2.437724394,2,0,1
950,183,1,1,0.519220871,78,0,1
950,184,0,1,2.437534161,3,0,1
950,184,1,1,1.208755682,46,0,1
952,347,0,1,2.44352918,3,0,1
952,347,1,1,0.890165355,43,0,1
952,8,0,1,2.437959147,2,1,1
952,8,1,1,0.4579254789,86,0,1
952,183,0,1,2.437113068,2,0,1
952,183,1,1,0.577346169,73,0,1
952,184,0,1,2.4374151,3,0,1
952,184,1,1,1.207097444,46,0,1
954,347,0,1,2.443487172,3,0,1
954,347,1,1,0.8959276921,43,0,1
954,138,0,1,2.43816376,2,1,1
954,138,1,1,-0.08107398157,91,0,1
954,184,0,1,2.437649395,3,0,1
954,184,1,1,1.208773753,46,0,1
954,183,0,1,2.437833687,2,0,1
954,183,1,1,0.5186673273,79,0,1
956,347,0,1,2.443361817,3,0,1
956,347,1,1,0.8959942718,43,0,1
956,138,0,1,2.438258047,2,0,1
956,138,1,1,-0.08345832449,92,0,1
956,183,0,1,2.437705571,1,1,1
956,183,1,1,0.5192424693,78,0,1
956,184,0,1,2.437552094,3,0,1
956,184,1,1,1.208750036,46,0,1
958,347,0,1,2.443482239,3,0,1
958,347,1,1,0.89620512,43,0,1
958,138,0,1,2.438176139,2,1,1
958,138,1,1,-0.08323101082,92,0,1
958,183,0,1,2.437715838,2,0,1
958,183,1,1,0.5215534801,76,0,1
958,184,0,1,2.437687544,3,0,1
958,184,1,1,1.208741202,46,0,1
960,347,0,1,2.443462512,3,0,1
960,347,1,1,0.89615815,43,0,1
960,138,0,1,2.438247952,2,1,1
960,138,1,1,-0.08301668204,92,0,1
960,183,0,1,2.437736097,2,0,1
960,183,1,1,0.5215450058,76,0,1
960,184,0,1,2.437590957,3,0,1
960,184,1,1,1.208696756,46,0,1
962,347,0,1,2.443500885,3,0,1
962,347,1,1,0.8960966633,43,0,1
962,138,0,1,2.438225083,2,1,1
962,138,1,1,-0.08276030982,92,0,1
962,184,0,1,2.437631712,3,0,1
962,184,1,1,1.208672365,46,0,1
962,183,0,1,2.437671237,2,0,1
962,183,1,1,0.5192534773,78,0,1
964,347,0,1,2.443443473,3,0,1
964,347,1,1,0.8961338045,43,0,1
964,138,0,1,2.438213217,2,0,1
964,138,1,1,-0.08270392743,92,0,1
964,183,0,1,2.437737679,1,1,1
964,183,1,1,0.52159117,76,0,1
964,184,0,1,2.437579176,3,0,1
964,184,1,1,1.20865755,46,0,1
966,347,0,1,2.443542579,3,0,1
966,347,1,1,0.8962117459,43,0,1
966,138,0,1,2.438116752,2,1,1
966,138,1,1,-0.08287599205,92,0,1
966,183,0,1,2.437653863,2,0,1
966,183,1,1,0.5192709017,78,0,1
966,184,0,1,2.437768666,3,0,1
966,184,1,1,1.20871741,46,0,1
967,347,0,1,2.429692729,3,0,1
967,347,1,1,0.8798857061,43,0,1
967,183,0,1,2.423661783,2,0,1
967,183,1,1,0.495336355,79,0,1
967,184,0,1,2.424052148,3,0,1
967,184,1,1,1.19158716,46,0,1
967,776,0,1,2.423090388,1,1,1
967,776,1,1,-0.1591843378,67,0,1
969,347,0,1,2.429584073,3,0,1
969,347,1,1,0.8799584947,43,0,1
969,183,0,1,2.423851961,2,1,1
969,183,1,1,0.4971320054,76,0,1
969,184,0,1,2.423911651,3,0,1
969,184,1,1,1.191563604,46,0,1
969,776,0,1,2.422758002,2,0,1
969,776,1,1,-0.15936887,67,0,1
971,347,0,1,2.42968848,3,0,1
971,347,1,1,0.8798514271,43,0,1
971,184,0,1,2.423958217,3,0,1
971,184,1,1,1.191591689,46,0,1
971,183,0,1,2.423833247,2,1,1
971,183,1,1,0.4972400958,76,0,1
971,776,0,1,2.42296891,2,0,1
971,776,1,1,-0.1594086588,67,0,1
973,347,0,1,2.429650466,3,0,1
973,347,1,1,0.8800532979,43,0,1
973,184,0,1,2.423933461,3,0,1
973,184,1,1,1.191602317,46,0,1
973,183,0,1,2.423814362,2,0,1
973,183,1,1,0.4972289541,76,0,1
973,776,0,1,2.422913674,1,1,1
973,776,1,1,-0.1594326859,67,0,1
975,347,0,1,2.429908575,3,0,1
975,347,1,1,0.8800918115,43,0,1
975,184,0,1,2.423984685,2,0,1
975,184,1,1,1.19152793,46,0,1
975,183,0,1,2.423762094,2,0,1
975,183,1,1,0.4952986356,79,0,1
975,776,0,1,2.42295297,1,1,1
975,776,1,1,-0.1589975648,67,0,1
977,347,0,1,2.429708253,3,0,1
977,347,1,1,0.8799877295,43,0,1
977,183,0,1,2.423892919,2,0,1
977,183,1,1,0.4971828293,76,0,1
977,184,0,1,2.424061006,2,1,1
977,184,1,1,1.191526131,46,0,1
977,776,0,1,2.422858596,2,0,1
977,776,1,1,-0.1594027268,67,0,1
979,347,0,1,2.429741805,3,0,1
979,347,1,1,0.8800294326,43,0,1
979,184,0,1,2.423982587,3,0,1
979,184,1,1,1.191537294,46,0,1
979,183,0,1,2.424001475,2,1,1
979,183,1,1,0.4952568754,79,0,1
979,776,0,1,2.42309859,2,0,1
979,776,1,1,-0.1594089259,67,0,1
981,347,0,1,2.429789419,3,0,1
981,347,1,1,0.8800183755,43,0,1
981,184,0,1,2.424143334,3,0,1
981,184,1,1,1.191587508,46,0,1
981,183,0,1,2.423865746,2,0,1
981,183,1,1,0.4952902392,79,0,1
981,776,0,1,2.422851921,1,1,1
981,776,1,1,-0.1594917319,67,0,1
983,347,0,1,2.429803935,3,0,1
983,347,1,1,0.8800359546,43,0,1
983,183,0,1,2.423810559,2,1,1
983,183,1,1,0.4971562057,76,0,1
983,184,0,1,2.42406271,3,0,1
983,184,1,1,1.191537486,46,0,1
983,776,0,1,2.422729346,2,0,1
983,776,1,1,-0.1590397437,67,0,1
985,347,0,1,2.429693943,3,0,1
985,347,1,1,0.8799253942,43,0,1
985,184,0,1,2.423932102,3,0,1
985,184,1,1,1.191636227,46,0,1
985,183,0,1,2.423848865,2,1,1
985,183,1,1,0.4952970382,79,0,1
985,776,0,1,2.422972526,2,0,1
985,776,1,1,-0.1590802646,67,0,1
986,347,0,1,2.415320475,3,0,1
986,347,1,1,0.8666033437,43,0,1
986,184,0,1,2.409768601,3,0,1
986,184,1,1,1.17734497,46,0,1
986,776,0,1,2.408622024,1,1,1
986,776,1,1,-0.1726232752,67,0,1
986,999,1,1,2.40807178,3,0,1
986,999,0,1,1.706256298,29,0,1
988,347,0,1,2.415224975,3,0,1
988,347,1,1,0.8665480414,43,0,1
988,184,0,1,2.409812645,3,0,1
988,184,1,1,1.177480022,46,0,1
988,776,0,1,2.408488015,2,1,1
988,776,1,1,-0.1726181751,67,0,1
988,999,1,1,2.407930485,3,0,1
988,999,0,1,1.704508814,33,0,1
990,347,0,1,2.415227629,3,0,1
990,347,1,1,0.8664248089,43,0,1
990,184,0,1,2.409873314,3,0,1
990,184,1,1,1.177453999,46,0,1
990,776,0,1,2.408476694,2,1,1
990,776,1,1,-0.1727494451,67,0,1
990,999,1,1,2.407976399,3,0,1
990,999,0,1,1.703916884,31,0,1
992,347,0,1,2.415289901,3,0,1
992,347,1,1,0.8664470963,43,0,1
992,184,0,1,2.409892429,3,0,1
992,184,1,1,1.177491763,46,0,1
992,776,0,1,2.408451824,2,1,1
992,776,1,1,-0.1728054593,67,0,1
992,999,1,1,2.408074122,3,0,1
992,999,0,1,1.703956089,31,0,1
994,347,0,1,2.415245172,3,0,1
994,347,1,1,0.8664366121,43,0,1
994,184,0,1,2.409878475,3,0,1
994,184,1,1,1.177525401,46,0,1
994,776,0,1,2.40845451,2,1,1
994,776,1,1,-0.1728255584,67,0,1
994,79,1,1,2.408012591,2,0,1
994,79,0,1,1.110916926,88,0,1
996,347,0,1,2.415169395,3,0,1
996,347,1,1,0.8664845392,43,0,1
996,184,0,1,2.409807024,3,0,1
996,184,1,1,1.177540027,46,0,1
996,776,0,1,2.408505902,2,1,1
996,776,1,1,-0.1727747655,67,0,1
996,999,1,1,2.407956969,3,0,1
996,999,0,1,1.70396315,31,0,1
998,347,0,1,2.415168659,3,0,1
998,347,1,1,0.8664466831,43,0,1
998,184,0,1,2.409768448,3,0,1
998,184,1,1,1.177551845,46,0,1
998,776,0,1,2.408555522,2,1,1
998,776,1,1,-0.1727272617,67,0,1
998,999,1,1,2.40793699,3,0,1
998,999,0,1,1.704057083,31,0,1
1000,347,0,1,2.415181661,3,0,1
1000,347,1,1,0.8664622623,43,0,1
1000,184,0,1,2.409786945,3,0,1
1000,184,1,1,1.177567643,46,0,1
1000,776,0,1,2.40855325,2,1,1
1000,776,1,1,-0.172700545,67,0,1
1000,999,1,1,2.407961288,3,0,1
1000,999,0,1,1.704064801,31,0,1
1002,347,0,1,2.415179004,3,0,1
1002,347,1,1,0.8664306203,43,0,1
1002,184,0,1,2.40980477,3,0,1
1002,184,1,1,1.177568972,46,0,1
1002,776,0,1,2.408551082,2,1,1
1002,776,1,1,-0.1727047399,67,0,1
1002,999,1,1,2.407950971,3,0,1
1002,999,0,1,1.704063884,31,0,1
1004,347,0,1,2.415179867,3,0,1
1004,347,1,1,0.8664373861,43,0,1
1004,184,0,1,2.409794266,3,0,1
1004,184,1,1,1.177574904,46,0,1
1004,776,0,1,2.408555517,2,1,1
1004,776,1,1,-0.1727312269,67,0,1
1004,999,1,1,2.407944303,3,0,1
1004,999,0,1,1.704058451,31,0,1
1005,347,0,1,2.399919471,3,0,1
1005,347,1,1,0.8533358119,43,0,1
1005,184,0,1,2.394524924,2,1,1
1005,184,1,1,1.16430309,46,0,1
1005,999,1,1,2.392551668,3,0,1
1005,999,0,1,1.687983835,33,0,1
1005,79,1,1,2.392759078,2,0,1
1005,79,0,1,1.105295935,83,0,1
1007,347,0,1,2.402188374,3,0,1
1007,347,1,1,0.7240599471,46,0,1
1007,776,0,1,2.394654629,1,1,1
1007,776,1,1,-0.1846414308,67,0,1
1007,999,1,1,2.394166198,3,0,1
1007,999,0,1,1.695010238,33,0,1
1007,79,1,1,2.394168263,2,0,1
1007,79,0,1,1.105744316,79,0,1
1009,347,0,1,2.402008515,3,0,1
1009,347,1,1,0.7239520231,46,0,1
1009,776,0,1,2.394699039,2,0,1
1009,776,1,1,-0.1845492574,67,0,1
1009,859,1,1,2.394703754,2,1,1
1009,859,0,1,-0.03150473121,69,0,1
1009,79,1,1,2.394258698,2,0,1
1009,79,0,1,1.105671716,79,0,1
1011,347,0,1,2.402051686,3,0,1
1011,347,1,1,0.7240808573,46,0,1
1011,776,0,1,2.394787991,2,0,1
1011,776,1,1,-0.1845994312,67,0,1
1011,859,1,1,2.394617266,2,0,1
1011,859,0,1,-0.03147126782,69,0,1
1011,425,1,1,2.393981649,1,1,1
1011,425,0,1,-0.5708479971,62,0,1
1013,347,0,1,2.40213772,3,0,1
1013,347,1,1,0.723822835,47,0,1
1013,776,0,1,2.394717914,2,1,1
1013,776,1,1,-0.1843424396,67,0,1
1013,859,1,1,2.394622198,2,0,1
1013,859,0,1,-0.03146549702,69,0,1
1013,999,1,1,2.394165905,3,0,1
1013,999,0,1,1.694028988,30,0,1
1015,347,0,1,2.40212303,3,0,1
1015,347,1,1,0.7240423675,46,0,1
1015,776,0,1,2.394647324,2,1,1
1015,776,1,1,-0.1845882217,67,0,1
1015,859,1,1,2.39455972,2,0,1
1015,859,0,1,-0.0314257697,69,0,1
1015,999,1,1,2.394257277,3,0,1
1015,999,0,1,1.69674977,29,0,1
1017,347,0,1,2.402185388,3,0,1
1017,347,1,1,0.7239414531,46,0,1
1017,776,0,1,2.394603955,2,1,1
1017,776,1,1,-0.1846695455,67,0,1
1017,859,1,1,2.394367148,2,0,1
1017,859,0,1,-0.03143618079,69,0,1
1017,999,1,1,2.394303553,3,0,1
1017,999,0,1,1.694099641,30,0,1
1019,347,0,1,2.402100386,3,0,1
1019,347,1,1,0.7240019585,46,0,1
1019,776,0,1,2.394613659,2,1,1
1019,776,1,1,-0.1846922087,67,0,1
1019,859,1,1,2.394443864,2,0,1
1019,859,0,1,-0.03143610943,69,0,1
1019,999,1,1,2.394194091,3,0,1
1019,999,0,1,1.696822736,29,0,1
1021,347,0,1,2.402030071,3,0,1
1021,347,1,1,0.7239149338,46,0,1
1021,776,0,1,2.394641461,2,1,1
1021,776,1,1,-0.1846645727,67,0,1
1021,859,1,1,2.39446947,2,0,1
1021,859,0,1,-0.0314500102,69,0,1
1021,999,1,1,2.394176772,3,0,1
1021,999,0,1,1.696817835,29,0,1
1023,347,0,1,2.402058014,3,0,1
1023,347,1,1,0.7239452904,46,0,1
1023,776,0,1,2.394655839,2,1,1
1023,776,1,1,-0.1846395209,67,0,1
1023,859,1,1,2.394519822,2,0,1
1023,859,0,1,-0.03146278895,69,0,1
1023,999,1,1,2.394200001,3,0,1
1023,999,0,1,1.69683166,29,0,1
1024,347,0,1,2.386768819,3,0,1
1024,347,1,1,0.7118679981,47,0,1
1024,999,1,1,2.378803196,3,0,1
1024,999,0,1,1.678342745,33,0,1
1024,79,1,1,2.379025777,2,0,1
1024,79,0,1,1.100033269,76,0,1
1024,859,1,1,2.379363552,2,1,1
1024,859,0,1,-0.05868871028,68,0,1
1026,347,0,1,2.386855437,3,0,1
1026,347,1,1,0.7119205798,47,0,1
1026,425,1,1,2.378900355,2,0,1
1026,425,0,1,-0.6000331925,62,0,1
1026,42,0,1,2.379127315,2,0,1
1026,42,1,1,0.06941184399,55,0,1
1026,859,1,1,2.379547216,2,1,1
1026,859,0,1,-0.05873163714,68,0,1
1028,347,0,1,2.386832849,3,0,1
1028,347,1,1,0.7119730057,47,0,1
1028,425,1,1,2.378907164,2,0,1
1028,425,0,1,-0.600033684,62,0,1
1028,859,1,1,2.379572896,2,1,1
1028,859,0,1,-0.05872702153,68,0,1
1028,42,0,1,2.379148308,2,0,1
1028,42,1,1,0.06936224467,55,0,1
1030,347,0,1,2.386914024,3,0,1
1030,347,1,1,0.7119851349,47,0,1
1030,859,1,1,2.379532647,2,1,1
1030,859,0,1,-0.05871139477,68,0,1
1030,425,1,1,2.378897366,2,0,1
1030,425,0,1,-0.6000348156,62,0,1
1030,42,0,1,2.379173726,2,0,1
1030,42,1,1,0.06938598286,55,0,1
1032,347,0,1,2.386947753,3,0,1
1032,347,1,1,0.6968683871,47,0,1
1032,776,0,1,2.379658363,1,1,1
1032,776,1,1,-0.202426245,67,0,1
1032,42,0,1,2.379278424,2,0,1
1032,42,1,1,0.05030354488,55,0,1
1032,425,1,1,2.379110672,2,0,1
1032,425,0,1,-0.6168488704,62,0,1
1034,347,0,1,2.386697859,3,0,1
1034,347,1,1,0.7120117574,47,0,1
1034,859,1,1,2.379393763,2,1,1
1034,859,0,1,-0.05942564827,69,0,1
1034,425,1,1,2.37893098,2,0,1
1034,425,0,1,-0.6000206309,62,0,1
1034,42,0,1,2.379099531,2,0,1
1034,42,1,1,0.06843202073,52,0,1
1036,347,0,1,2.386857309,3,0,1
1036,347,1,1,0.6967311388,47,0,1
1036,776,0,1,2.37964912,2,1,1
1036,776,1,1,-0.2025243432,67,0,1
1036,425,1,1,2.379212836,2,0,1
1036,425,0,1,-0.6168544267,62,0,1
1036,42,0,1,2.379291194,2,0,1
1036,42,1,1,0.05029663923,55,0,1
1038,347,0,1,2.386810743,3,0,1
1038,347,1,1,0.6967826122,47,0,1
1038,776,0,1,2.379587808,2,1,1
1038,776,1,1,-0.2025195231,67,0,1
1038,425,1,1,2.379257211,2,0,1
1038,425,0,1,-0.6169083764,62,0,1
1038,42,0,1,2.379355512,2,0,1
1038,42,1,1,0.05030122179,55,0,1
1040,347,0,1,2.386911459,3,0,1
1040,347,1,1,0.6968075674,47,0,1
1040,776,0,1,2.379662274,2,0,1
1040,776,1,1,-0.2026078623,67,0,1
1040,42,0,1,2.379374328,2,0,1
1040,42,1,1,0.04989968875,51,0,1
1040,425,1,1,2.37917191,1,1,1
1040,425,0,1,-0.6168965287,62,0,1
1042,347,0,1,2.386982469,3,0,1
1042,347,1,1,0.6967137734,47,0,1
1042,776,0,1,2.379497886,1,1,1
1042,776,1,1,-0.2022692534,67,0,1
1042,42,0,1,2.379266624,2,0,1
1042,42,1,1,0.05032390983,55,0,1
1042,425,1,1,2.379230287,2,0,1
1042,425,0,1,-0.6168736595,62,0,1
1043,347,0,1,2.371833772,3,0,1
1043,347,1,1,0.6884262704,47,0,1
1043,42,0,1,2.364573639,2,1,1
1043,42,1,1,0.03100945327,55,0,1
1043,79,1,1,2.364196792,2,0,1
1043,79,0,1,1.098562721,67,0,1
1043,425,1,1,2.364328378,2,0,1
1043,425,0,1,-0.6451599324,63,0,1
1045,347,0,1,2.371899912,3,0,1
1045,347,1,1,0.6929154914,49,0,1
1045,42,0,1,2.364531115,2,1,1
1045,42,1,1,0.0310794236,55,0,1
1045,425,1,1,2.364479918,2,0,1
1045,425,0,1,-0.645190142,63,0,1
1045,79,1,1,2.364175089,2,0,1
1045,79,0,1,1.098619984,67,0,1
1047,347,0,1,2.371816883,3,0,1
1047,347,1,1,0.6928713813,49,0,1
1047,42,0,1,2.364443779,2,0,1
1047,42,1,1,0.03105446148,55,0,1
1047,425,1,1,2.364461284,2,1,1
1047,425,0,1,-0.6452356308,63,0,1
1047,79,1,1,2.36407694,2,0,1
1047,79,0,1,1.098692244,66,0,1
1049,347,0,1,2.371819298,3,0,1
1049,347,1,1,0.6929038931,49,0,1
1049,42,0,1,2.36441597,2,0,1
1049,42,1,1,0.0310813043,55,0,1
1049,425,1,1,2.364486167,2,1,1
1049,425,0,1,-0.6463742333,62,0,1
1049,79,1,1,2.3642047,2,0,1
1049,79,0,1,1.098634312,66,0,1
1051,347,0,1,2.371990622,3,0,1
1051,347,1,1,0.6932029558,49,0,1
1051,42,0,1,2.364572462,2,0,1
1051,42,1,1,0.03107493157,55,0,1
1051,425,1,1,2.364521457,1,1,1
1051,425,0,1,-0.6463916497,62,0,1
1051,79,1,1,2.364315734,2,0,1
1051,79,0,1,1.098620198,66,0,1
1053,347,0,1,2.371936413,3,0,1
1053,347,1,1,0.6931408383,49,0,1
1053,42,0,1,2.364611088,2,1,1
1053,42,1,1,0.03106522114,55,0,1
1053,425,1,1,2.364490695,2,0,1
1053,425,0,1,-0.6463813711,62,0,1
1053,79,1,1,2.364196318,2,0,1
1053,79,0,1,1.098612883,66,0,1
1055,347,0,1,2.371809667,3,0,1
1055,347,1,1,0.6929926816,49,0,1
1055,42,0,1,2.364688545,2,0,1
1055,42,1,1,0.03107934492,55,0,1
1055,425,1,1,2.364716411,1,1,1
1055,425,0,1,-0.6463804423,62,0,1
1055,79,1,1,2.364224601,2,0,1
1055,79,0,1,1.098610194,66,0,1
1057,347,0,1,2.371835549,3,0,1
1057,347,1,1,0.6928254838,49,0,1
1057,425,1,1,2.364643848,2,0,1
1057,425,0,1,-0.6463472494,62,0,1
1057,42,0,1,2.364675244,2,1,1
1057,42,1,1,0.03110241922,55,0,1
1057,79,1,1,2.364355509,2,0,1
1057,79,0,1,1.098623638,66,0,1
1059,347,0,1,2.37179587,3,0,1
1059,347,1,1,0.6929461715,49,0,1
1059,42,0,1,2.364502285,2,0,1
1059,42,1,1,0.03109101571,55,0,1
1059,425,1,1,2.364878786,1,1,1
1059,425,0,1,-0.6463836477,62,0,1
1059,79,1,1,2.364161709,2,0,1
1059,79,0,1,1.098624047,66,0,1
1061,347,0,1,2.371825775,3,0,1
1061,347,1,1,0.6883154353,47,0,1
1061,425,1,1,2.364700138,2,0,1
1061,425,0,1,-0.6463604286,62,0,1
1061,42,0,1,2.364715656,2,1,1
1061,42,1,1,0.0310900987,55,0,1
1061,79,1,1,2.364469388,2,0,1
1061,79,0,1,1.09862018,66,0,1
1062,347,0,1,2.356872535,3,0,1
1062,347,1,1,0.6834415847,52,0,1
1062,425,1,1,2.349886299,2,1,1
1062,425,0,1,-0.6752548517,62,0,1
1062,79,1,1,2.349478585,3,0,1
1062,79,0,1,1.097924705,64,0,1
1062,999,1,1,2.348674428,3,0,1
1062,999,0,1,1.656872096,29,0,1
1064,347,0,1,2.357183495,3,0,1
1064,347,1,1,0.7116292686,52,0,1
1064,42,0,1,2.350171317,2,1,1
1064,42,1,1,0.004216257355,57,0,1
1064,79,1,1,2.349539335,2,0,1
1064,79,0,1,1.097723392,64,0,1
1064,210,1,1,2.349067134,2,0,1
1064,210,0,1,-1.033684504,69,0,1
1066,347,0,1,2.356967267,3,0,1
1066,347,1,1,1.209607164,104,0,1
1066,776,0,1,2.350020326,2,1,1
1066,776,1,1,-0.2560077053,67,0,1
1066,79,1,1,2.349430648,2,0,1
1066,79,0,1,1.105732212,64,0,1
1066,687,1,1,2.349159398,2,0,1
1066,687,0,1,-0.5136678367,59,0,1
1068,347,0,1,2.356254676,3,0,1
1068,347,1,1,0.6987057597,52,0,1
1068,859,1,1,2.350077483,2,0,1
1068,859,0,1,-0.1385621118,69,0,1
1068,79,1,1,2.348921328,2,0,1
1068,79,0,1,1.09558535,64,0,1
1068,46,0,1,2.34853203,1,1,1
1068,46,1,0,0,-1,0,1
1070,347,0,1,2.356432095,3,0,1
1070,347,1,1,0.6983267939,52,0,1
1070,859,1,1,2.350130971,2,0,1
1070,859,0,1,-0.1386035196,69,0,1
1070,79,1,1,2.348835802,2,0,1
1070,79,0,1,1.095440698,64,0,1
1070,46,0,1,2.348638425,1,1,1
1070,46,1,0,0,-1,0,1
1072,347,0,1,2.356399646,3,0,1
1072,347,1,1,0.6987435614,52,0,1
1072,859,1,1,2.349895819,2,0,1
1072,859,0,1,-0.1385529082,69,0,1
1072,79,1,1,2.348554515,2,0,1
1072,79,0,1,1.095441549,64,0,1
1072,46,0,1,2.348334811,1,1,1
1072,46,1,0,0,-1,0,1
1074,347,0,1,2.356279218,3,0,1
1074,347,1,1,0.6990488242,52,0,1
1074,859,1,1,2.349796975,2,1,1
1074,859,0,1,-0.1385456855,69,0,1
1074,79,1,1,2.348666983,2,0,1
1074,79,0,1,1.09569628,64,0,1
1074,687,1,1,2.34860468,2,0,1
1074,687,0,1,-0.4981404744,56,0,1
1076,347,0,1,2.356970724,3,0,1
1076,347,1,1,0.685298094,52,0,1
1076,425,1,1,2.349951419,2,1,1
1076,425,0,1,-0.6751998331,62,0,1
1076,79,1,1,2.349560231,2,0,1
1076,79,0,1,1.113310989,71,0,1
1076,913,0,1,2.349333518,4,0,1
1076,913,1,1,2.120444684,23,0,1
1078,347,0,1,2.356962853,3,0,1
1078,347,1,1,0.6851382844,52,0,1
1078,425,1,1,2.35001612,2,1,1
1078,425,0,1,-0.6752517812,62,0,1
1078,79,1,1,2.349599284,2,0,1
1078,79,0,1,1.096670467,61,0,1
1078,46,0,1,2.349254503,2,0,1
1078,46,1,0,0,-1,0,1
1080,347,0,1,2.357034033,3,0,1
1080,347,1,1,1.214063497,104,0,1
1080,42,0,1,2.350155179,2,0,1
1080,42,1,1,0.004231686786,57,0,1
1080,79,1,1,2.349493915,2,0,1
1080,79,0,1,1.095999794,61,0,1
1080,46,0,1,2.349509986,1,1,1
1080,46,1,0,0,-1,0,1
1081,347,0,1,2.341969046,3,0,1
1081,347,1,1,1.213171954,100,0,1
1081,42,0,1,2.335135869,2,1,1
1081,42,1,1,-0.01045135616,57,0,1
1081,79,1,1,2.334788894,3,0,1
1081,79,0,1,1.109638083,65,0,1
1081,687,1,1,2.334445544,2,0,1
1081,687,0,1,-0.5299088064,55,0,1
1083,347,0,1,2.342636704,3,0,1
1083,347,1,1,1.206051138,102,0,1
1083,38,1,1,2.334883931,2,0,1
1083,38,0,1,-0.9734800582,93,0,1
1083,79,1,1,2.33530909,2,0,1
1083,79,0,1,1.107754071,65,0,1
1083,46,0,1,2.335168899,1,1,1
1083,46,1,0,0,-1,0,1
1085,347,0,1,2.342764705,3,0,1
1085,347,1,1,1.206097693,102,0,1
1085,79,1,1,2.335146395,2,0,1
1085,79,0,1,1.104506092,63,0,1
1085,38,1,1,2.334996193,1,1,1
1085,38,0,1,-0.9735888061,93,0,1
1085,687,1,1,2.335205066,2,0,1
1085,687,0,1,-0.5345601241,59,0,1
1087,347,0,1,2.342616907,3,0,1
1087,347,1,1,1.206101633,102,0,1
1087,79,1,1,2.335253291,3,0,1
1087,79,0,1,1.104728154,63,0,1
1087,38,1,1,2.335102748,1,1,1
1087,38,0,1,-0.9726490976,89,0,1
1087,687,1,1,2.335120659,2,0,1
1087,687,0,1,-0.5334644767,56,0,1
1089,347,0,1,2.342700718,3,0,1
1089,347,1,1,1.206095038,102,0,1
1089,79,1,1,2.335384193,3,0,1
1089,79,0,1,1.108306826,65,0,1
1089,46,0,1,2.334839679,2,1,1
1089,46,1,0,0,-1,0,1
1089,687,1,1,2.334806592,2,0,1
1089,687,0,1,-0.534184955,55,0,1
1091,347,0,1,2.342285581,3,0,1
1091,347,1,1,1.205540972,101,0,1
1091,46,0,1,2.335495299,1,1,1
1091,46,1,0,0,-1,0,1
1091,38,1,1,2.33501732,2,0,1
1091,38,0,1,-0.9735752237,93,0,1
1091,79,1,1,2.335260651,2,0,1
1091,79,0,1,1.10854034,65,0,1
1093,347,0,1,2.341949333,3,0,1
1093,347,1,1,1.208586389,98,0,1
1093,776,0,1,2.335155223,1,1,1
1093,776,1,1,-0.2912429932,67,0,1
1093,79,1,1,2.334256409,2,0,1
1093,79,0,1,1.104531797,59,0,1
1093,38,1,1,2.334324353,1,0,1
1093,38,0,1,-0.9659883678,89,0,1
1095,347,0,1,2.341812083,3,0,1
1095,347,1,1,1.211534448,102,0,1
1095,425,1,1,2.335278467,2,0,1
1095,425,0,1,-0.7096535548,62,0,1
1095,79,1,1,2.334936318,2,0,1
1095,79,0,1,1.100704535,59,0,1
1095,38,1,1,2.334308826,1,1,1
1095,38,0,1,-0.9612087883,89,0,1
1097,347,0,1,2.341569897,3,0,1
1097,347,1,1,1.21155895,102,0,1
1097,425,1,1,2.335158502,2,0,1
1097,425,0,1,-0.7086495233,63,0,1
1097,79,1,1,2.334400809,2,0,1
1097,79,0,1,1.100606625,59,0,1
1097,38,1,1,2.334507506,1,1,1
1097,38,0,1,-0.9612360023,89,0,1
1099,347,0,1,2.341826377,3,0,1
1099,347,1,1,1.211609831,102,0,1
1099,425,1,1,2.335174372,1,1,1
1099,425,0,1,-0.7086704311,63,0,1
1099,79,1,1,2.334416413,2,0,1
1099,79,0,1,1.100933096,59,0,1
1099,38,1,1,2.334294262,2,0,1
1099,38,0,1,-0.9612782786,89,0,1
1100,347,0,1,2.327793896,3,0,1
1100,347,1,1,1.203811515,95,0,1
1100,38,1,1,2.32084666,1,1,1
1100,38,0,1,-1.002809234,92,0,1
1100,79,1,1,2.320595606,2,0,1
1100,79,0,1,1.091287766,55,0,1
1100,687,1,1,2.320394018,2,0,1
1100,687,0,1,-0.5454884754,54,0,1
1102,347,0,1,2.327970156,3,0,1
1102,347,1,1,1.203983041,95,0,1
1102,38,1,1,2.320853827,2,1,1
1102,38,0,1,-1.00284979,92,0,1
1102,79,1,1,2.320671621,2,0,1
1102,79,0,1,1.092169973,55,0,1
1102,687,1,1,2.320607943,2,0,1
1102,687,0,1,-0.5449318166,55,0,1
1104,347,0,1,2.327698775,3,0,1
1104,347,1,1,1.209101819,95,0,1
1104,42,0,1,2.321151305,2,1,1
1104,42,1,1,-0.02191968851,57,0,1
1104,79,1,1,2.320841224,2,0,1
1104,79,0,1,1.102871686,64,0,1
1104,687,1,1,2.320865555,2,0,1
1104,687,0,1,-0.5414885864,54,0,1
1106,347,0,1,2.327801659,3,0,1
1106,347,1,1,1.200912813,95,0,1
1106,46,0,1,2.3212828,2,1,1
1106,46,1,0,0,-1,0,1
1106,79,1,1,2.320898289,2,0,1
1106,79,0,1,1.101255893,65,0,1
1106,687,1,1,2.321051867,2,0,1
1106,687,0,1,-0.546264287,56,0,1
1108,347,0,1,2.328013443,3,0,1
1108,347,1,1,1.209072367,89,0,1
1108,183,0,1,2.32177702,2,1,1
1108,183,1,1,0.3190150471,85,0,1
1108,687,1,1,2.321483498,2,0,1
1108,687,0,1,-0.5288942531,56,0,1
1108,79,1,1,2.321173112,3,0,1
1108,79,0,1,1.107013244,64,0,1
1110,347,0,1,2.328061019,3,0,1
1110,347,1,1,1.204536837,95,0,1
1110,38,1,1,2.321323456,2,1,1
1110,38,0,1,-1.002720332,92,0,1
1110,79,1,1,2.320922661,2,0,1
1110,79,0,1,1.108944274,64,0,1
1110,913,0,1,2.321122181,3,0,1
1110,913,1,1,2.111170485,23,0,1
1112,347,0,1,2.327894862,3,0,1
1112,347,1,1,1.201173688,95,0,1
1112,46,0,1,2.320962472,2,1,1
1112,46,1,0,0,-1,0,1
1112,687,1,1,2.320812594,2,0,1
1112,687,0,1,-0.5474084559,54,0,1
1112,79,1,1,2.320904327,3,0,1
1112,79,0,1,1.100328459,66,0,1
1114,347,0,1,2.32795482,3,0,1
1114,347,1,1,1.208297285,93,0,1
1114,42,0,1,2.321624727,2,1,1
1114,42,1,1,-0.02194896495,57,0,1
1114,687,1,1,2.321324738,2,0,1
1114,687,0,1,-0.5411628703,54,0,1
1114,913,0,1,2.320761104,3,0,1
1114,913,1,1,2.115111898,23,0,1
1116,347,0,1,2.325931014,3,0,1
1116,347,1,1,1.261807746,88,0,1
1116,184,0,1,2.321438724,2,1,1
1116,184,1,1,1.072587132,46,0,1
1116,79,1,1,2.319675875,2,0,1
1116,79,0,1,1.105221447,64,0,1
1116,687,1,1,2.319876364,2,0,1
1116,687,0,1,-0.5171142705,63,0,1
1118,347,0,1,2.327840612,3,0,1
1118,347,1,1,1.204062055,94,0,1
1118,38,1,1,2.321199271,1,1,1
1118,38,0,1,-1.002728541,92,0,1
1118,79,1,1,2.32087284,2,0,1
1118,79,0,1,1.108665944,64,0,1
1118,913,0,1,2.320993346,3,0,1
1118,913,1,1,2.111533967,23,0,1
1119,347,0,1,2.314217916,3,0,1
1119,347,1,1,1.199055201,89,0,1
1119,79,1,1,2.307248804,2,1,1
1119,79,0,1,1.098531042,64,0,1
1119,913,0,1,2.307118624,4,0,1
1119,913,1,1,2.106545969,23,0,1
1119,687,1,1,2.307231835,2,0,1
1119,687,0,1,-0.5540294123,56,0,1
1121,347,0,1,2.314027878,3,0,1
1121,347,1,1,1.199109782,89,0,1
1121,687,1,1,2.30719677,2,1,1
1121,687,0,1,-0.5538946775,56,0,1
1121,913,0,1,2.307065605,3,0,1
1121,913,1,1,2.106842973,23,0,1
1121,79,1,1,2.306999503,2,0,1
1121,79,0,1,1.098057523,64,0,1
1123,347,0,1,2.314026177,3,0,1
1123,347,1,1,1.199248965,89,0,1
1123,687,1,1,2.307660596,2,1,1
1123,687,0,1,-0.5537039233,56,0,1
1123,79,1,1,2.307513678,2,0,1
1123,79,0,1,1.097653843,64,0,1
1123,913,0,1,2.307265514,3,0,1
1123,913,1,1,2.107552897,23,0,1
1125,347,0,1,2.313322249,3,0,1
1125,347,1,1,1.200684927,91,0,1
1125,38,1,1,2.307485385,1,1,1
1125,38,0,1,-1.054218435,93,0,1
1125,913,0,1,2.306791834,3,0,1
1125,913,1,1,2.104790636,23,0,1
1125,79,1,1,2.306076846,2,0,1
1125,79,0,1,1.096048949,64,0,1
1127,347,0,1,2.312697093,3,0,1
1127,347,1,1,1.203683498,91,0,1
1127,859,1,1,2.307497515,2,1,1
1127,859,0,1,-0.2221645816,68,0,1
1127,913,0,1,2.306085389,3,0,1
1127,913,1,1,2.107741131,23,0,1
1127,210,1,1,2.305880648,2,0,1
1127,210,0,1,-1.146748155,69,0,1
1129,347,0,1,2.313499466,3,0,1
1129,347,1,1,1.200778071,89,0,1
1129,776,0,1,2.307701673,1,1,1
1129,776,1,1,-0.3471019599,78,0,1
1129,79,1,1,2.306427192,2,0,1
1129,79,0,1,1.091576585,64,0,1
1129,913,0,1,2.306819648,3,0,1
1129,913,1,1,2.109116609,23,0,1
1131,347,0,1,2.31408333,3,0,1
1131,347,1,1,1.205381311,89,0,1
1131,42,0,1,2.307676616,2,1,1
1131,42,1,1,-0.0348995215,57,0,1
1131,913,0,1,2.307298438,3,0,1
1131,913,1,1,2.109659975,23,0,1
1131,79,1,1,2.30723924,2,0,1
1131,79,0,1,1.089029448,64,0,1
1133,347,0,1,2.31290025,3,0,1
1133,347,1,1,1.203356426,91,0,1
1133,425,1,1,2.307689225,2,1,1
1133,425,0,1,-0.7893347946,60,0,1
1133,913,0,1,2.306646472,3,0,1
1133,913,1,1,2.108650974,23,0,1
1133,210,1,1,2.306250269,2,0,1
1133,210,0,1,-1.16165468,69,0,1
1135,347,0,1,2.314406983,3,0,1
1135,347,1,1,1.206517875,87,0,1
1135,913,0,1,2.30794911,3,0,1
1135,913,1,1,2.111286785,21,0,1
1135,210,1,1,2.307429989,2,0,1
1135,210,0,1,-1.188842015,69,0,1
1135,79,1,1,2.307700561,2,1,1
1135,79,0,1,1.097372171,59,0,1
1137,347,0,1,2.314361485,3,0,1
1137,347,1,1,1.206657138,87,0,1
1137,913,0,1,2.308029592,3,0,1
1137,913,1,1,2.116958632,23,0,1
1137,183,0,1,2.307766079,2,1,1
1137,183,1,1,0.3140630082,85,0,1
1137,79,1,1,2.307574388,2,0,1
1137,79,0,1,1.097428655,59,0,1
1138,347,0,1,2.30048319,3,0,1
1138,347,1,1,1.196522193,87,0,1
1138,913,0,1,2.294126019,3,0,1
1138,913,1,1,2.102228143,23,0,1
1138,79,1,1,2.29352983,2,0,1
1138,79,0,1,1.087984069,61,0,1
1138,210,1,1,2.293629193,2,1,1
1138,210,0,1,-1.206946001,69,0,1
1140,347,0,1,2.300574253,3,0,1
1140,347,1,1,1.196775368,87,0,1
1140,913,0,1,2.294290429,4,0,1
1140,913,1,1,2.102630743,23,0,1
1140,210,1,1,2.293635911,2,1,1
1140,210,0,1,-1.206891194,69,0,1
1140,79,1,1,2.293797042,3,0,1
1140,79,0,1,1.090033984,59,0,1
1142,347,0,1,2.300877167,3,0,1
1142,347,1,1,1.204879623,82,0,1
1142,241,1,1,2.2969244,2,1,1
1142,241,0,1,0.4955575007,59,0,1
1142,913,0,1,2.295285907,4,0,1
1142,913,1,1,2.116257337,24,0,1
1142,426,0,1,2.294401532,3,0,1
1142,426,1,1,-0.3246994162,59,0,1
1144,210,1,1,2.296992969,0,1,1
1144,210,0,1,-2.400692584,89,0,1
1144,347,0,1,2.294137277,3,0,1
1144,347,1,1,1.204483154,84,0,1
1144,913,0,1,2.288155496,3,0,1
1144,913,1,1,2.103844898,23,0,1
1144,426,0,1,2.2871489,3,0,1
1144,426,1,1,-0.3196792069,59,0,1
1146,347,0,1,2.304524597,3,0,1
1146,347,1,1,1.262673255,81,0,1
1146,913,0,1,2.298885842,3,0,1
1146,913,1,1,2.121330776,23,0,1
1146,426,0,1,2.297770543,3,0,1
1146,426,1,1,-0.3293351245,59,0,1
1146,79,1,1,2.297207881,2,1,1
1146,79,0,1,1.117443889,59,0,1
1148,347,0,1,2.303243887,3,0,1
1148,347,1,1,1.249590784,81,0,1
1148,913,0,1,2.298031022,3,0,1
1148,913,1,1,2.116807922,24,0,1
1148,46,0,1,2.297319407,2,1,1
1148,46,1,0,0,-1,0,1
1148,426,0,1,2.296449231,3,0,1
1148,426,1,1,-0.326235752,59,0,1
1150,347,0,1,2.304290478,2,1,1
1150,347,1,1,1.253020101,80,0,1
1150,913,0,1,2.298878972,3,0,1
1150,913,1,1,2.407048723,63,0,1
1150,687,1,1,2.297549503,2,0,1
1150,687,0,1,-0.07366618623,102,0,1
1150,426,0,1,2.297513144,2,0,1
1150,426,1,1,-0.31523954,59,0,1
1152,913,0,1,2.305649387,3,0,1
1152,913,1,1,2.126461105,23,0,1
1152,355,0,1,2.304811201,2,1,1
1152,355,1,0,0,-1,0,1
1152,426,0,1,2.304333645,3,0,1
1152,426,1,1,-0.2825362882,59,0,1
1152,42,0,1,2.304154805,2,0,1
1152,42,1,1,-0.05308025444,58,0,1
1154,913,0,1,2.307119815,3,0,1
1154,913,1,1,2.140084505,24,0,1
1154,687,1,1,2.305846294,2,0,1
1154,687,0,1,-0.06156470683,100,0,1
1154,24,1,1,2.305607318,1,1,1
1154,24,0,0,0,-1,0,1
1154,426,0,1,2.30564449,2,0,1
1154,426,1,1,-0.2897189011,59,0,1
1156,913,0,1,2.310603339,3,0,1
1156,913,1,1,2.433103416,57,0,1
1156,687,1,1,2.308945291,2,1,1
1156,687,0,1,-0.03381095362,94,0,1
1156,426,0,1,2.309195538,3,0,1
1156,426,1,1,-0.3233675388,59,0,1
1156,42,0,1,2.308519119,2,0,1
1156,42,1,1,-0.03984078446,58,0,1
1157,913,0,1,2.298335868,3,0,1
1157,913,1,1,2.423889652,56,0,1
1157,426,0,1,2.29693751,3,0,1
1157,426,1,1,-0.3530578064,63,0,1
1157,42,0,1,2.296111343,2,1,1
1157,42,1,1,-0.05082887344,58,0,1
1157,79,1,1,2.295660161,2,0,1
1157,79,0,1,1.120788752,58,0,1
1159,913,0,1,2.299797817,3,0,1
1159,913,1,1,2.423676628,55,0,1
1159,426,0,1,2.297990756,3,0,1
1159,426,1,1,-0.3538990186,62,0,1
1159,42,0,1,2.296939673,2,1,1
1159,42,1,1,-0.05063041224,58,0,1
1159,79,1,1,2.296434782,2,0,1
1159,79,0,1,1.119023516,58,0,1
1161,913,0,1,2.298569179,3,0,1
1161,913,1,1,2.4218103,55,0,1
1161,38,1,1,2.297629892,1,1,1
1161,38,0,1,-1.151834841,94,0,1
1161,426,0,1,2.29643009,2,0,1
1161,426,1,1,-0.3721165237,62,0,1
1161,79,1,1,2.295411597,2,0,1
1161,79,0,1,1.124608527,58,0,1
1163,913,0,1,2.300868584,3,0,1
1163,913,1,1,2.418994457,55,0,1
1163,24,1,1,2.298566163,1,1,1
1163,24,0,0,0,-1,0,1
1163,426,0,1,2.298550034,3,0,1
1163,426,1,1,-0.3615566538,62,0,1
1163,79,1,1,2.297456455,2,0,1
1163,79,0,1,1.115640757,58,0,1
1165,913,0,1,2.302771877,3,0,1
1165,913,1,1,2.425223618,52,0,1
1165,426,0,1,2.300465322,3,0,1
1165,426,1,1,-0.3533848022,63,0,1
1165,42,0,1,2.299560268,2,1,1
1165,42,1,1,-0.04959573599,58,0,1
1165,79,1,1,2.298969441,2,0,1
1165,79,0,1,1.122608277,54,0,1
1167,913,0,1,2.303545691,2,0,1
1167,913,1,1,2.425657038,52,0,1
1167,426,0,1,2.301085297,3,0,1
1167,426,1,1,-0.3741956192,63,0,1
1167,776,0,1,2.3003248,1,1,1
1167,776,1,1,-0.3569014577,76,0,1
1167,35,0,1,2.300604456,2,0,1
1167,35,1,1,0.2018216934,60,0,1
1169,913,0,1,2.304592411,2,1,1
1169,913,1,1,2.429209967,50,0,1
1169,426,0,1,2.30180778,3,0,1
1169,426,1,1,-0.3681594018,63,0,1
1169,687,1,1,2.301556021,2,0,1
1169,687,0,1,-0.04469446873,85,0,1
1169,35,0,1,2.30143197,2,0,1
1169,35,1,1,0.1971714516,63,0,1
1171,425,1,1,2.305782394,2,0,1
1171,425,0,1,0.7005571093,89,0,1
1171,426,0,1,2.306310982,3,0,1
1171,426,1,1,-0.3407171004,63,0,1
1171,687,1,1,2.305736478,2,0,1
1171,687,0,1,-0.01425527769,82,0,1
1171,35,0,1,2.306029967,2,1,1
1171,35,1,1,0.2270249701,63,0,1
1173,181,1,1,2.311215061,2,1,1
1173,181,0,1,-1.290120543,708,0,1
1173,425,1,1,2.309411953,2,0,1
1173,425,0,1,0.7163727051,83,0,1
1173,426,0,1,2.310136447,3,0,1
1173,426,1,1,-0.339527065,63,0,1
1173,687,1,1,2.309387765,2,0,1
1173,687,0,1,-0.01438931621,73,0,1
1175,182,0,1,2.30559393,2,1,1
1175,182,1,1,0.7417482517,61,0,1
1175,425,1,1,2.30423409,2,0,1
1175,425,0,1,0.7167327009,79,0,1
1175,426,0,1,2.306199179,3,0,1
1175,426,1,1,-0.4056200931,74,0,1
1175,908,0,1,2.304681744,2,0,1
1175,908,1,1,-0.4744877461,76,0,1
1176,908,0,1,2.299996254,2,1,1
1176,908,1,1,-0.4776756781,76,0,1
1176,426,0,1,2.302302607,3,0,1
1176,426,1,1,-0.4483462494,77,0,1
1176,425,1,1,2.29964537,2,0,1
1176,425,0,1,0.717116887,75,0,1
1176,687,1,1,2.299583122,2,0,1
1176,687,0,1,-0.02226399763,88,0,1
1178,731,1,1,2.313745831,2,1,1
1178,731,0,1,1.728258994,26,0,1
1178,425,1,1,2.310283014,2,0,1
1178,425,0,1,0.750410119,70,0,1
1178,426,0,1,2.313781118,3,0,1
1178,426,1,1,-0.40337381,84,0,1
1178,687,1,1,2.310671472,2,0,1
1178,687,0,1,-0.007437378564,86,0,1
1180,426,0,1,2.335898763,3,0,1
1180,426,1,1,-0.4241386584,84,0,1
1180,524,1,1,2.34227166,4,0,1
1180,524,0,1,1.093473772,61,0,1
1180,859,1,1,2.331763828,2,0,1
1180,859,0,1,-0.1873002043,79,0,1
1180,728,1,1,2.331973774,2,1,1
1180,728,0,1,0.2569817584,116,0,1
1182,524,1,1,2.398286131,6,0,1
1182,524,0,1,1.056289449,61,0,1
1182,189,0,1,2.528695862,29,0,1
1182,189,1,1,-0.3464052271,85,0,1
1182,426,0,1,2.380964448,4,0,1
1182,426,1,1,-0.4492387067,87,0,1
1182,568,0,1,2.368996872,2,1,1
1182,568,1,0,0,-1,0,1
1184,46,0,1,2.527875669,22,0,1
1184,46,1,1,-1.439071735,189,0,1
1184,524,1,1,2.528818536,22,1,1
1184,524,0,1,1.028146866,75,0,1
1184,189,0,1,2.528800919,22,0,1
1184,189,1,1,-0.3647857979,96,0,1
1184,426,0,1,2.524613517,23,0,1
1184,426,1,1,0.6904219647,90,0,1
1186,189,0,1,2.528913682,0,1,1
1186,189,1,1,-0.4066529374,106,0,1
1186,785,0,1,2.528060473,0,0,1
1186,785,1,0,0,-1,0,1
1186,46,0,1,2.528012668,0,0,1
1186,46,1,0,0,-1,0,1
1186,957,1,1,2.525748554,2,0,1
1186,957,0,1,-1.899235693,126,0,1
1188,785,0,1,2.529849554,0,1,1
1188,785,1,0,0,-1,0,1
1188,46,0,1,2.529730952,0,0,1
1188,46,1,0,0,-1,0,1
1188,957,1,1,2.529600568,1,0,1
1188,957,0,1,-1.913270577,122,0,1
1188,64,0,1,2.529405599,0,0,1
1188,64,1,1,0.1475232915,113,0,1
1190,987,1,1,2.530490125,1,0,1
1190,987,0,1,0.2667930601,93,0,1
1190,46,0,1,2.529153988,0,1,1
1190,46,1,0,0,-1,0,1
1190,957,1,1,2.52934066,1,0,1
1190,957,0,1,-1.981776808,126,0,1
1190,64,0,1,2.528817209,0,0,1
1190,64,1,1,0.1462562552,110,0,1
1192,987,1,1,2.530546711,1,0,1
1192,987,0,1,0.2652250461,93,0,1
1192,781,1,1,2.529876027,0,1,1
1192,781,0,1,-1.768308932,175,0,1
1192,957,1,1,2.529255613,1,0,1
1192,957,0,1,-2.000027721,126,0,1
1192,64,0,1,2.528912034,0,0,1
1192,64,1,1,0.1446202799,113,0,1
1194,987,1,1,2.530207265,1,0,1
1194,987,0,1,0.2652243188,93,0,1
1194,24,1,1,2.529754236,0,1,1
1194,24,0,1,-0.7794089191,325,0,1
1194,957,1,1,2.528838914,1,0,1
1194,957,0,1,-1.985810031,126,0,1
1194,64,0,1,2.528561442,0,0,1
1194,64,1,1,0.1429326571,118,0,1
1195,987,1,1,2.529231007,1,0,1
1195,987,0,1,0.2651344145,93,0,1
1195,957,1,1,2.527878177,1,0,1
1195,957,0,1,-2.005570349,126,0,1
1195,64,0,1,2.527546679,0,1,1
1195,64,1,1,0.1410884752,116,0,1
1195,432,1,1,2.527283682,0,0,1
1195,432,0,1,0.8071227935,119,0,1
1197,987,1,1,2.529982927,1,0,1
1197,987,0,1,0.265220078,93,0,1
1197,957,1,1,2.528651222,1,0,1
1197,957,0,1,-2.043952439,131,0,1
1197,426,0,1,2.52823106,2,0,1
1197,426,1,0,0,-1,0,1
1197,432,1,1,2.528004299,0,1,1
1197,432,0,1,0.7901716016,102,0,1
1199,987,1,1,2.534684279,1,0,1
1199,987,0,1,0.2659965583,93,0,1
1199,957,1,1,2.533360322,2,0,1
1199,957,0,1,-2.06868528,132,0,1
1199,426,0,1,2.532899432,2,0,1
1199,426,1,0,0,-1,0,1
1199,236,0,1,2.532435531,0,1,1
1199,236,1,0,0,-1,0,1
1201,987,1,1,2.533869952,1,1,1
1201,987,0,1,0.2674717984,93,0,1
1201,88,0,1,2.532631923,1,0,1
1201,88,1,1,1.213337503,100,0,1
1201,957,1,1,2.532632994,2,0,1
1201,957,0,1,-2.084436678,132,0,1
1201,426,0,1,2.532175583,2,0,1
1201,426,1,0,0,-1,0,1
1203,88,0,1,2.548717842,1,1,1
1203,88,1,1,1.215306009,100,0,1
1203,957,1,1,2.548664413,1,0,1
1203,957,0,1,-2.071153173,132,0,1
1203,426,0,1,2.548197655,2,0,1
1203,426,1,0,0,-1,0,1
1203,775,1,1,2.547759432,1,0,1
1203,775,0,1,0.3888835437,81,0,1
1205,957,1,1,2.549475614,1,1,1
1205,957,0,1,-2.061144093,132,0,1
1205,426,0,1,2.548983575,2,0,1
1205,426,1,0,0,-1,0,1
1205,453,0,1,2.548714135,1,0,1
1205,453,1,1,2.398386099,10,0,1
1205,775,1,1,2.548603455,1,0,1
1205,775,0,1,0.3876691799,81,0,1
1207,611,1,1,2.549470544,1,0,1
1207,611,0,0,0,-1,0,1
1207,910,1,1,2.54869652,0,1,1
1207,910,0,0,0,-1,0,1
1207,426,0,1,2.548192724,2,0,1
1207,426,1,0,0,-1,0,1
1207,453,0,1,2.54794422,1,0,1
1207,453,1,1,2.397784056,10,0,1
1209,2,1,1,2.548718811,0,1,1
1209,2,0,1,-0.7126151493,118,0,1
1209,611,1,1,2.548443745,1,0,1
1209,611,0,0,0,-1,0,1
1209,426,0,1,2.547229444,2,0,1
1209,426,1,0,0,-1,0,1
1209,453,0,1,2.546941545,1,0,1
1209,453,1,1,2.397121228,10,0,1
1211,611,1,1,2.549644894,1,1,1
1211,611,0,0,0,-1,0,1
1211,395,1,1,2.548724213,1,0,1
1211,395,0,1,-0.5829425336,136,0,1
1211,426,0,1,2.54857027,2,0,1
1211,426,1,0,0,-1,0,1
1211,453,0,1,2.548167877,1,0,1
1211,453,1,1,2.39814631,12,0,1
1213,395,1,1,2.554483523,1,1,1
1213,395,0,1,-0.5794667255,137,0,1
1213,426,0,1,2.554192565,2,0,1
1213,426,1,0,0,-1,0,1
1213,453,0,1,2.553863176,1,0,1
1213,453,1,1,2.404032924,10,0,1
1213,374,1,1,2.553707868,2,0,1
1213,374,0,1,1.786520558,86,0,1
1214,426,0,1,2.552422649,2,0,1
1214,426,1,0,0,-1,0,1
1214,453,0,1,2.552086144,1,1,1
1214,453,1,1,2.402473588,10,0,1
1214,775,1,1,2.551979665,1,0,1
1214,775,0,0,0,-1,0,1
1214,374,1,1,2.551928423,2,0,1
1214,374,0,1,1.786860864,56,0,1
1216,181,1,1,2.552129293,0,1,1
1216,181,0,0,0,-1,0,1
1216,426,0,1,2.550049699,2,0,1
1216,426,1,0,0,-1,0,1
1216,775,1,1,2.549746109,1,0,1
1216,775,0,0,0,-1,0,1
1216,374,1,1,2.549575101,2,0,1
1216,374,0,1,1.784726016,56,0,1
1218,182,0,1,2.552177261,1,1,1
1218,182,1,1,0.6399259039,91,0,1
1218,426,0,1,2.551694588,2,0,1
1218,426,1,0,0,-1,0,1
1218,775,1,1,2.551288567,1,0,1
1218,775,0,0,0,-1,0,1
1218,374,1,1,2.551182725,2,0,1
1218,374,0,1,1.785276086,69,0,1
1220,908,0,1,2.552225,0,1,1
1220,908,1,1,-1.055882129,180,0,1
1220,426,0,1,2.551710648,2,0,1
1220,426,1,0,0,-1,0,1
1220,775,1,1,2.551289005,1,0,1
1220,775,0,0,0,-1,0,1
1220,374,1,1,2.551233337,2,0,1
1220,374,0,1,1.786394288,74,0,1
1222,426,0,1,2.553785398,2,0,1
1222,426,1,0,0,-1,0,1
1222,775,1,1,2.553380272,1,0,1
1222,775,0,0,0,-1,0,1
1222,374,1,1,2.553278107,2,0,1
1222,374,0,1,1.788345606,69,0,1
1222,208,0,1,2.553152528,0,1,1
1222,208,1,0,0,-1,0,1
1224,426,0,1,2.575686139,2,0,1
1224,426,1,0,0,-1,0,1
1224,775,1,1,2.575488196,1,0,1
1224,775,0,1,0.2568359472,123,0,1
1224,374,1,1,2.575310282,2,0,1
1224,374,0,1,1.807040831,66,0,1
1224,862,1,1,2.575249693,0,1,1
1224,862,0,0,0,-1,0,1
1226,926,1,1,2.59070248,0,1,1
1226,926,0,0,0,-1,0,1
1226,426,0,1,2.59047983,2,0,1
1226,426,1,0,0,-1,0,1
1226,775,1,1,2.590048029,1,0,1
1226,775,0,1,0.205238989,81,0,1
1226,374,1,1,2.590142543,2,0,1
1226,374,0,1,1.820674269,56,0,1
1228,426,0,1,2.591981345,2,0,1
1228,426,1,0,0,-1,0,1
1228,775,1,1,2.591675004,1,0,1
1228,775,0,1,0.1958876096,81,0,1
1228,374,1,1,2.591593362,2,0,1
1228,374,0,1,1.822606397,56,0,1
1228,134,1,1,2.591495035,0,1,1
1228,134,0,0,0,-1,0,1
1230,717,1,1,2.591849409,0,1,1
1230,717,0,0,0,-1,0,1
1230,426,0,1,2.589744037,2,0,1
1230,426,1,0,0,-1,0,1
1230,775,1,1,2.589405147,1,0,1
1230,775,0,1,0.1897331576,81,0,1
1230,374,1,1,2.589340428,2,0,1
1230,374,0,1,1.821878792,56,0,1
1232,426,0,1,2.593135232,2,0,1
1232,426,1,0,0,-1,0,1
1232,775,1,1,2.592877493,1,1,1
1232,775,0,1,0.1969420476,81,0,1
1232,374,1,1,2.592772983,2,0,1
1232,374,0,1,1.82665251,66,0,1
1232,768,0,1,2.592563273,1,0,1
1232,768,1,1,-0.7547187919,118,0,1
1233,426,0,1,2.590735403,2,0,1
1233,426,1,0,0,-1,0,1
1233,374,1,1,2.5903494,2,0,1
1233,374,0,1,1.824215589,56,0,1
1233,35,0,1,2.590030454,1,1,1
1233,35,1,1,0.1264190798,77,0,1
1233,768,0,1,2.59001626,1,0,1
1233,768,1,1,-0.7603635954,118,0,1
1235,426,0,1,2.593213067,2,0,1
1235,426,1,0,0,-1,0,1
1235,190,1,1,2.592901026,1,1,1
1235,190,0,0,0,-1,0,1
1235,374,1,1,2.59288956,2,0,1
1235,374,0,1,1.8270499,56,0,1
1235,768,0,1,2.592489733,1,0,1
1235,768,1,1,-0.7626347019,109,0,1
1237,457,0,1,2.593042837,0,1,1
1237,457,1,0,0,-1,0,1
1237,426,0,1,2.592020173,2,0,1
1237,426,1,0,0,-1,0,1
1237,374,1,1,2.591736763,2,0,1
1237,374,0,1,1.827433298,56,0,1
1237,302,1,1,2.591382322,1,0,1
1237,302,0,1,-0.9857880938,120,0,1
1239,426,0,1,2.604418356,2,0,1
1239,426,1,0,0,-1,0,1
1239,374,1,1,2.604167186,2,0,1
1239,374,0,1,1.842396767,56,0,1
1239,302,1,1,2.60381198,1,1,1
1239,302,0,1,-0.9797829101,116,0,1
1239,768,0,1,2.603791114,1,0,1
1239,768,1,0,0,-1,0,1
1241,403,1,1,2.603936749,0,1,1
1241,403,0,1,1.107248368,78,0,1
1241,645,0,1,2.603846834,1,0,1
1241,645,1,1,0.7302511071,203,0,1
1241,426,0,1,2.601900952,2,0,1
1241,426,1,0,0,-1,0,1
1241,374,1,1,2.601663367,2,0,1
1241,374,0,1,1.841711707,56,0,1
1243,913,0,1,2.604014652,1,1,1
1243,913,1,1,2.516951342,5,0,1
1243,645,0,1,2.60391488,1,0,1
1243,645,1,1,0.7310454016,203,0,1
1243,426,0,1,2.602054011,2,0,1
1243,426,1,0,0,-1,0,1
1243,374,1,1,2.601792743,2,0,1
1243,374,0,1,1.841741481,56,0,1
1245,645,0,1,2.606002168,1,0,1
1245,645,1,1,0.7355204099,219,0,1
1245,174,0,1,2.604185401,0,1,1
1245,174,1,1,-2.117884411,364,0,1
1245,426,0,1,2.604113667,2,0,1
1245,426,1,0,0,-1,0,1
1245,374,1,1,2.603898567,2,0,1
1245,374,0,1,1.84301062,56,0,1
1247,645,0,1,2.605598302,1,0,1
1247,645,1,1,0.735242111,219,0,1
1247,568,0,1,2.604193787,0,1,1
1247,568,1,0,0,-1,0,1
1247,426,0,1,2.603651417,2,0,1
1247,426,1,0,0,-1,0,1
1247,374,1,1,2.60343644,2,0,1
1247,374,0,1,1.842042676,56,0,1
1249,645,0,1,2.626093253,1,1,1
1249,645,1,1,0.7459207052,270,0,1
1249,426,0,1,2.62423671,2,0,1
1249,426,1,0,0,-1,0,1
1249,374,1,1,2.624035547,2,0,1
1249,374,0,1,1.87836268,81,0,1
1249,326,1,1,2.623559849,1,0,1
1249,326,0,1,-2.499491958,163,0,1
1251,426,0,1,2.646729391,2,0,1
1251,426,1,0,0,-1,0,1
1251,374,1,1,2.646561833,2,0,1
1251,374,0,1,1.925367386,89,0,1
1251,326,1,1,2.646177264,1,1,1
1251,326,0,1,-2.572512073,180,0,1
1251,768,0,1,2.645980165,1,0,1
1251,768,1,0,0,-1,0,1
1252,426,0,1,2.644744217,2,0,1
1252,426,1,0,0,-1,0,1
1252,374,1,1,2.644534295,2,0,1
1252,374,0,1,1.924842638,89,0,1
1252,768,0,1,2.643839142,1,0,1
1252,768,1,0,0,-1,0,1
1252,405,0,1,2.643870027,1,1,1
1252,405,1,0,0,-1,0,1
1254,615,0,1,2.645543517,0,1,1
1254,615,1,0,0,-1,0,1
1254,426,0,1,2.64417778,2,0,1
1254,426,1,0,0,-1,0,1
1254,374,1,1,2.643988745,2,0,1
1254,374,0,0,0,-1,0,1
1254,768,0,1,2.643267032,1,0,1
1254,768,1,0,0,-1,0,1
1256,81,0,1,2.646790789,0,1,1
1256,81,1,0,0,-1,0,1
1256,426,0,1,2.64575102,2,0,1
1256,426,1,0,0,-1,0,1
1256,374,1,1,2.645647674,2,0,1
1256,374,0,1,1.925424674,97,0,1
1256,768,0,1,2.645157368,1,0,1
1256,768,1,0,0,-1,0,1
1258,426,0,1,2.648435332,2,0,1
1258,426,1,0,0,-1,0,1
1258,374,1,1,2.648266775,1,1,1
1258,374,0,0,0,-1,0,1
1258,768,0,1,2.647813358,1,0,1
1258,768,1,0,0,-1,0,1
1258,864,1,1,2.64809179,2,0,1
1258,864,0,1,1.217597381,83,0,1
1260,761,0,1,2.657391666,0,1,1
1260,761,1,0,0,-1,0,1
1260,648,1,1,2.656601463,3,0,1
1260,648,0,1,2.633297606,4,0,1
1260,426,0,1,2.656073184,2,0,1
1260,426,1,0,0,-1,0,1
1260,864,1,1,2.65575713,1,0,1
1260,864,0,1,1.237383353,77,0,1
1262,648,1,1,2.657909292,3,0,1
1262,648,0,1,2.634553147,4,0,1
1262,90,0,1,2.657629594,0,1,1
1262,90,1,0,0,-1,0,1
1262,426,0,1,2.657222893,0,0,1
1262,426,1,0,0,-1,0,1
1262,864,1,1,2.657095347,1,0,1
1262,864,0,1,1.241353711,83,0,1
1264,648,1,1,2.661056125,3,0,1
1264,648,0,1,2.63778215,4,0,1
1264,426,0,1,2.660665741,2,0,1
1264,426,1,0,0,-1,0,1
1264,864,1,1,2.660488903,1,0,1
1264,864,0,1,1.236956533,78,0,1
1264,257,1,1,2.660300602,0,1,1
1264,257,0,1,-1.020848262,152,0,1
1266,648,1,1,2.683431574,3,0,1
1266,648,0,1,2.659898548,4,0,1
1266,426,0,1,2.683040291,0,1,1
1266,426,1,0,0,-1,0,1
1266,864,1,1,2.683013012,1,0,1
1266,864,0,1,1.267613542,76,0,1
1266,261,0,1,2.683028937,2,0,1
1266,261,1,1,-0.08622603774,153,0,1
1268,648,1,1,2.697322526,3,0,1
1268,648,0,1,2.673690808,4,0,1
1268,864,1,1,2.697008459,1,1,1
1268,864,0,1,1.268076505,75,0,1
1268,261,0,1,2.696947154,2,0,1
1268,261,1,1,-0.08178990792,153,0,1
1268,350,0,1,2.696633963,2,0,1
1268,350,1,1,2.575139834,94,0,1
1270,347,0,1,2.697023955,0,1,1
1270,347,1,1,1.54057573,179,0,1
1270,648,1,1,2.695020895,3,0,1
1270,648,0,1,2.671542062,4,0,1
1270,261,0,1,2.694721704,1,0,1
1270,261,1,1,-0.09571025201,148,0,1
1270,350,0,1,2.694433991,2,0,1
1270,350,1,1,2.561113518,95,0,1
1271,648,1,1,2.694998943,3,0,1
1271,648,0,1,2.671489277,4,0,1
1271,261,0,1,2.694726657,1,0,1
1271,261,1,1,-0.09569190482,148,0,1
1271,350,0,1,2.694387839,2,0,1
1271,350,1,1,2.561215252,95,0,1
1271,845,1,1,2.694297288,0,1,1
1271,845,0,1,-0.6451247823,100,0,1
1273,113,1,1,2.694397407,0,1,1
1273,113,0,0,0,-1,0,1
1273,648,1,1,2.692848217,3,0,1
1273,648,0,1,2.6692067,4,0,1
1273,261,0,1,2.692506536,1,0,1
1273,261,1,1,-0.1301240129,232,0,1
1273,350,0,1,2.692204617,2,0,1
1273,350,1,1,2.514924932,96,0,1
1275,648,1,1,2.696365288,3,0,1
1275,648,0,1,2.672835228,4,0,1
1275,261,0,1,2.696111484,1,1,1
1275,261,1,1,-0.1284455287,222,0,1
1275,350,0,1,2.695802223,2,0,1
1275,350,1,1,2.516336707,96,0,1
1275,932,1,1,2.695713448,2,0,1
1275,932,0,0,0,-1,0,1
1277,648,1,1,2.706380359,3,0,1
1277,648,0,1,2.68263844,4,0,1
1277,618,0,1,2.706031,1,1,1
1277,618,1,1,-0.716462576,292,0,1
1277,350,0,1,2.705742544,2,0,1
1277,350,1,1,2.543749939,84,0,1
1277,932,1,1,2.705712493,2,0,1
1277,932,0,0,0,-1,0,1
1279,648,1,1,2.709189879,3,0,1
1279,648,0,1,2.685553349,4,0,1
1279,350,0,1,2.708589533,2,0,1
1279,350,1,1,2.540320843,86,0,1
1279,932,1,1,2.708534946,2,0,1
1279,932,0,0,0,-1,0,1
1279,649,1,1,2.708349377,1,1,1
1279,649,0,0,0,-1,0,1
1281,654,1,1,2.708381641,1,1,1
1281,654,0,1,-0.312125453,153,0,1
1281,648,1,1,2.707068003,3,0,1
1281,648,0,1,2.683479368,4,0,1
1281,350,0,1,2.706485092,2,0,1
1281,350,1,1,2.529456784,88,0,1
1281,932,1,1,2.706406984,2,0,1
1281,932,0,0,0,-1,0,1
1283,782,0,1,2.708389269,0,1,1
1283,782,1,0,0,-1,0,1
1283,648,1,1,2.706408217,3,0,1
1283,648,0,1,2.68283863,4,0,1
1283,350,0,1,2.70582468,2,0,1
1283,350,1,1,2.529177469,88,0,1
1283,932,1,1,2.705749792,2,0,1
1283,932,0,0,0,-1,0,1
1285,897,1,1,2.708347951,0,1,1
1285,897,0,0,0,-1,0,1
1285,648,1,1,2.706606671,3,0,1
1285,648,0,1,2.682999428,4,0,1
1285,350,0,1,2.706004087,2,0,1
1285,350,1,1,2.529304445,88,0,1
1285,932,1,1,2.705941926,2,0,1
1285,932,0,0,0,-1,0,1
1287,648,1,1,2.71739041,3,0,1
1287,648,0,1,2.693583661,4,0,1
1287,350,0,1,2.716769712,2,0,1
1287,350,1,1,2.531296296,91,0,1
1287,932,1,1,2.716747309,2,0,1
1287,932,0,0,0,-1,0,1
1287,768,0,1,2.716626456,1,1,1
1287,768,1,0,0,-1,0,1
1289,524,1,1,2.71659624,1,1,1
1289,524,0,0,0,-1,0,1
1289,648,1,1,2.71500864,3,0,1
1289,648,0,1,2.691336798,4,0,1
1289,350,0,1,2.714374384,2,0,1
1289,350,1,1,2.531284087,91,0,1
1289,932,1,1,2.714344453,2,0,1
1289,932,0,0,0,-1,0,1
1290,648,1,1,2.714656093,3,0,1
1290,648,0,1,2.690952206,4,0,1
1290,350,0,1,2.714024222,2,1,1
1290,350,1,1,2.529939068,91,0,1
1290,932,1,1,2.713997241,2,0,1
1290,932,0,0,0,-1,0,1
1290,400,0,1,2.713695068,3,0,1
1290,400,1,1,0.6558563304,102,0,1
1292,625,0,1,2.714069188,0,1,1
1292,625,1,0,0,-1,0,1
1292,648,1,1,2.712872312,3,0,1
1292,648,0,1,2.68922753,4,0,1
1292,932,1,1,2.712401022,2,0,1
1292,932,0,0,0,-1,0,1
1292,517,1,1,2.711893266,3,0,1
1292,517,0,1,1.786263356,80,0,1
1294,206,1,1,2.714062917,0,1,1
1294,206,0,0,0,-1,0,1
1294,648,1,1,2.712184639,3,0,1
1294,648,0,1,2.688376214,4,0,1
1294,932,1,1,2.711520314,2,0,1
1294,932,0,0,0,-1,0,1
1294,400,0,1,2.711216852,3,0,1
1294,400,1,1,0.6364700998,116,0,1
1296,587,0,1,2.714097225,0,1,1
1296,587,1,1,0.8931384127,184,0,1
1296,648,1,1,2.71218619,3,0,1
1296,648,0,1,2.688319409,4,0,1
1296,932,1,1,2.711530301,2,0,1
1296,932,0,0,0,-1,0,1
1296,400,0,1,2.71121484,3,0,1
1296,400,1,1,0.636471331,116,0,1
1298,648,1,1,2.71481462,3,0,1
1298,648,0,1,2.690855833,4,0,1
1298,932,1,1,2.714181267,2,0,1
1298,932,0,0,0,-1,0,1
1298,810,1,1,2.714074568,1,1,1
1298,810,0,0,0,-1,0,1
1298,400,0,1,2.713841267,3,0,1
1298,400,1,1,0.637063941,116,0,1
1300,648,1,1,2.714297753,3,0,1
1300,648,0,1,2.690492398,4,0,1
1300,210,1,1,2.714102182,1,1,1
1300,210,0,0,0,-1,0,1
1300,932,1,1,2.713777775,2,0,1
1300,932,0,0,0,-1,0,1
1300,400,0,1,2.713430713,2,0,1
1300,400,1,1,0.637985927,116,0,1
1302,648,1,1,2.719068283,3,0,1
1302,648,0,1,2.695066388,4,0,1
1302,932,1,1,2.718506503,2,0,1
1302,932,0,0,0,-1,0,1
1302,400,0,1,2.718081638,3,0,1
1302,400,1,1,0.6380005052,116,0,1
1302,859,1,1,2.71796669,1,1,1
1302,859,0,1,-0.2404146731,110,0,1
1304,648,1,1,2.719084945,3,0,1
1304,648,0,1,2.695136467,4,0,1
1304,932,1,1,2.718497536,2,0,1
1304,932,0,0,0,-1,0,1
1304,400,0,1,2.718108748,3,0,1
1304,400,1,1,0.6381803682,116,0,1
1304,859,1,1,2.717962692,1,1,1
1304,859,0,1,-0.2404404915,110,0,1
1306,405,0,1,2.717979198,0,1,1
1306,405,1,0,0,-1,0,1
1306,648,1,1,2.717649197,3,0,1
1306,648,0,1,2.693528847,4,0,1
1306,932,1,1,2.717031651,2,0,1
1306,932,0,0,0,-1,0,1
1306,400,0,1,2.716664303,3,0,1
1306,400,1,1,0.6576988195,115,0,1
1308,648,1,1,2.719079009,3,0,1
1308,648,0,1,2.695099467,4,0,1
1308,932,1,1,2.718506827,2,0,1
1308,932,0,0,0,-1,0,1
1308,400,0,1,2.718082723,3,0,1
1308,400,1,1,0.6383363891,116,0,1
1308,859,1,1,2.718001973,1,1,1
1308,859,0,1,-0.2404955598,110,0,1
1309,648,1,1,2.716139525,3,0,1
1309,648,0,1,2.69207989,4,0,1
1309,932,1,1,2.715534669,2,1,1
1309,932,0,0,0,-1,0,1
1309,400,0,1,2.715145907,3,0,1
1309,400,1,1,0.6250755345,116,0,1
1309,517,1,1,2.714940063,3,0,1
1309,517,0,1,1.790936565,80,0,1
1311,648,1,1,2.716674753,3,0,1
1311,648,0,1,2.692686973,4,0,1
1311,400,0,1,2.715678283,3,0,1
1311,400,1,1,0.6335280378,116,0,1
1311,859,1,1,2.715577684,1,1,1
1311,859,0,1,-0.242511088,110,0,1
1311,517,1,1,2.715511284,3,0,1
1311,517,0,1,1.790417118,80,0,1
1313,648,1,1,2.716670828,3,0,1
1313,648,0,1,2.692686994,4,0,1
1313,400,0,1,2.71567859,3,0,1
1313,400,1,1,0.6337474967,116,0,1
1313,859,1,1,2.715598434,1,1,1
1313,859,0,1,-0.2425597997,110,0,1
1313,340,1,1,2.715529763,1,0,1
1313,340,0,0,0,-1,0,1
1315,648,1,1,2.716682458,3,0,1
1315,648,0,1,2.692657394,4,0,1
1315,400,0,1,2.715684746,3,0,1
1315,400,1,1,0.633907845,116,0,1
1315,859,1,1,2.715608545,1,1,1
1315,859,0,1,-0.242582616,110,0,1
1315,340,1,1,2.715559622,1,0,1
1315,340,0,0,0,-1,0,1
1317,648,1,1,2.716688715,3,0,1
1317,648,0,1,2.692590016,4,0,1
1317,400,0,1,2.715687865,3,0,1
1317,400,1,1,0.6340404531,116,0,1
1317,859,1,1,2.71563092,1,1,1
1317,859,0,1,-0.2425558327,110,0,1
1317,340,1,1,2.715591821,1,0,1
1317,340,0,0,0,-1,0,1
1319,648,1,1,2.716697458,3,0,1
1319,648,0,1,2.692597964,4,0,1
1319,400,0,1,2.715696234,3,0,1
1319,400,1,1,0.6341827093,116,0,1
1319,859,1,1,2.715646229,1,1,1
1319,859,0,1,-0.2425865078,110,0,1
1319,340,1,1,2.71561567,1,0,1
1319,340,0,0,0,-1,0,1
1321,648,1,1,2.716696153,3,0,1
1321,648,0,1,2.69257252,4,0,1
1321,400,0,1,2.715693552,3,0,1
1321,400,1,1,0.6342818358,116,0,1
1321,859,1,1,2.715658098,1,1,1
1321,859,0,1,-0.2425828868,110,0,1
1321,340,1,1,2.715633822,1,0,1
1321,340,0,0,0,-1,0,1
1323,648,1,1,2.716696929,3,0,1
1323,648,0,1,2.692564758,4,0,1
1323,400,0,1,2.715694943,3,0,1
1323,400,1,1,0.6343735339,116,0,1
1323,859,1,1,2.715670024,1,1,1
1323,859,0,1,-0.2425965968,110,0,1
1323,340,1,1,2.715640193,1,0,1
1323,340,0,0,0,-1,0,1
1325,648,1,1,2.716704207,3,0,1
1325,648,0,1,2.692567685,4,0,1
1325,400,0,1,2.715699759,3,0,1
1325,400,1,1,0.6344476704,116,0,1
1325,859,1,1,2.715674165,1,1,1
1325,859,0,1,-0.2426038282,110,0,1
1325,340,1,1,2.715648496,1,0,1
1325,340,0,0,0,-1,0,1
1327,648,1,1,2.716704322,3,0,1
1327,648,0,1,2.692546771,4,0,1
1327,400,0,1,2.715699891,3,0,1
1327,400,1,1,0.6345016054,116,0,1
1327,859,1,1,2.715680131,1,1,1
1327,859,0,1,-0.2426081364,110,0,1
1327,340,1,1,2.715655412,1,0,1
1327,340,0,0,0,-1,0,1
1328,648,1,1,2.713848473,3,0,1
1328,648,0,1,2.689676781,4,0,1
1328,400,0,1,2.712832509,3,0,1
1328,400,1,1,0.61880582,117,0,1
1328,340,1,1,2.712788479,1,1,1
1328,340,0,0,0,-1,0,1
1328,517,1,1,2.712635344,3,0,1
1328,517,0,1,1.789706718,80,0,1
1330,648,1,1,2.71384262,3,0,1
1330,648,0,1,2.689686846,4,0,1
1330,400,0,1,2.712827284,3,0,1
1330,400,1,1,0.6189227193,96,0,1
1330,340,1,1,2.712798615,1,1,1
1330,340,0,0,0,-1,0,1
1330,517,1,1,2.712626543,3,0,1
1330,517,0,1,1.789716509,80,0,1
1332,648,1,1,2.713802946,3,0,1
1332,648,0,1,2.689698877,4,0,1
1332,400,0,1,2.712789242,3,0,1
1332,400,1,1,0.6260861969,95,0,1
1332,859,1,1,2.71281313,1,1,1
1332,859,0,1,-0.2509744556,104,0,1
1332,517,1,1,2.712610018,3,0,1
1332,517,0,1,1.790012709,80,0,1
1334,648,1,1,2.713863141,3,0,1
1334,648,0,1,2.689633532,4,0,1
1334,400,0,1,2.712844097,3,0,1
1334,400,1,1,0.6183886318,96,0,1
1334,340,1,1,2.712850155,1,0,1
1334,340,0,0,0,-1,0,1
1334,129,0,1,2.712670368,0,1,1
1334,129,1,1,0.3896260091,209,0,1
1336,648,1,1,2.713862784,3,0,1
1336,648,0,1,2.689675123,4,0,1
1336,400,0,1,2.712843666,3,0,1
1336,400,1,1,0.6182526902,96,0,1
1336,340,1,1,2.712882208,1,0,1
1336,340,0,0,0,-1,0,1
1336,129,0,1,2.712688875,0,1,1
1336,129,1,1,0.3896567591,209,0,1
1338,648,1,1,2.713860082,3,0,1
1338,648,0,1,2.689672986,4,0,1
1338,340,1,1,2.712875356,1,0,1
1338,340,0,0,0,-1,0,1
1338,400,0,1,2.712843746,3,0,1
1338,400,1,1,0.6181015473,96,0,1
1338,129,0,1,2.712684067,0,1,1
1338,129,1,1,0.3896524928,209,0,1
1340,648,1,1,2.713861213,3,0,1
1340,648,0,1,2.689667907,4,0,1
1340,340,1,1,2.712880677,1,0,1
1340,340,0,0,0,-1,0,1
1340,400,0,1,2.712840889,3,0,1
1340,400,1,1,0.6179880344,96,0,1
1340,129,0,1,2.712706516,0,1,1
1340,129,1,1,0.3896834901,209,0,1
1342,648,1,1,2.713859808,3,0,1
1342,648,0,1,2.68960502,4,0,1
1342,340,1,1,2.712896465,1,0,1
1342,340,0,0,0,-1,0,1
1342,400,0,1,2.712838595,3,0,1
1342,400,1,1,0.6178999334,96,0,1
1342,129,0,1,2.712724805,0,1,1
1342,129,1,1,0.3896905828,209,0,1
1344,648,1,1,2.713864671,3,0,1
1344,648,0,1,2.689591638,4,0,1
1344,340,1,1,2.712902839,1,0,1
1344,340,0,0,0,-1,0,1
1344,400,0,1,2.712844261,3,0,1
1344,400,1,1,0.6178521129,96,0,1
1344,129,0,1,2.71274022,0,1,1
1344,129,1,1,0.3896850832,209,0,1
1346,648,1,1,2.713863593,3,0,1
1346,648,0,1,2.689598475,4,0,1
1346,340,1,1,2.712915142,1,0,1
1346,340,0,0,0,-1,0,1
1346,400,0,1,2.71283978,3,0,1
1346,400,1,1,0.6178177268,96,0,1
1346,129,0,1,2.71272862,0,1,1
1346,129,1,1,0.3896873497,209,0,1
1347,648,1,1,2.710921064,3,0,1
1347,648,0,1,2.686678274,4,0,1
1347,340,1,1,2.709978259,1,1,1
1347,340,0,0,0,-1,0,1
1347,400,0,1,2.709899014,3,0,1
1347,400,1,1,0.5829149306,94,0,1
1347,517,1,1,2.709697759,3,0,1
1347,517,0,1,1.78914272,80,0,1
1349,648,1,1,2.711128789,3,0,1
1349,648,0,1,2.686860969,4,0,1
1349,400,0,1,2.710100327,3,0,1
1349,400,1,1,0.6118848859,94,0,1
1349,129,0,1,2.71000778,0,1,1
1349,129,1,1,0.3861845194,229,0,1
1349,517,1,1,2.709882394,3,0,1
1349,517,0,1,1.789251699,80,0,1
1351,648,1,1,2.711124536,3,0,1
1351,648,0,1,2.686867642,4,0,1
1351,400,0,1,2.710093913,3,0,1
1351,400,1,1,0.6097648872,82,0,1
1351,129,0,1,2.710039898,0,1,1
1351,129,1,1,0.3862129645,229,0,1
1351,517,1,1,2.709879483,3,0,1
1351,517,0,1,1.789284553,80,0,1
1353,648,1,1,2.711125757,3,0,1
1353,648,0,1,2.686864532,4,0,1
1353,400,0,1,2.710094036,3,0,1
1353,400,1,1,0.6097962964,82,0,1
1353,129,0,1,2.710056311,0,1,1
1353,129,1,1,0.3859364825,239,0,1
1353,517,1,1,2.709878732,3,0,1
1353,517,0,1,1.789263403,80,0,1
1355,648,1,1,2.711133946,3,0,1
1355,648,0,1,2.686867026,4,0,1
1355,400,0,1,2.71009975,3,0,1
1355,400,1,1,0.6098476009,82,0,1
1355,129,0,1,2.710070736,0,1,1
1355,129,1,1,0.3859410732,239,0,1
1355,517,1,1,2.709883208,3,0,1
1355,517,0,1,1.789264863,80,0,1
1357,648,1,1,2.711148856,3,0,1
1357,648,0,1,2.686863588,4,0,1
1357,400,0,1,2.710118254,3,0,1
1357,400,1,1,0.6098719995,82,0,1
1357,129,0,1,2.71008407,0,1,1
1357,129,1,1,0.385966498,239,0,1
1357,517,1,1,2.709890401,3,0,1
1357,517,0,1,1.789288597,80,0,1
1359,648,1,1,2.711158124,3,0,1
1359,648,0,1,2.686861094,4,0,1
1359,400,0,1,2.710123859,3,0,1
1359,400,1,1,0.6123421086,94,0,1
1359,129,0,1,2.710111287,0,1,1
1359,129,1,1,0.386005058,239,0,1
1359,517,1,1,2.709898357,3,0,1
1359,517,0,1,1.789260914,80,0,1
1361,862,1,1,2.710146297,0,1,1
1361,862,0,0,0,-1,0,1
1361,648,1,1,2.708750679,3,0,1
1361,648,0,1,2.684476974,4,0,1
1361,400,0,1,2.707726326,3,0,1
1361,400,1,1,0.5865381824,96,0,1
1361,517,1,1,2.707499927,3,0,1
1361,517,0,1,1.788767304,80,0,1
1363,648,1,1,2.711152486,3,0,1
1363,648,0,1,2.686849323,4,0,1
1363,129,0,1,2.710145836,0,1,1
1363,129,1,1,0.3860587845,239,0,1
1363,400,0,1,2.710112338,3,0,1
1363,400,1,1,0.6125450419,94,0,1
1363,517,1,1,2.709891453,3,0,1
1363,517,0,1,1.789318169,80,0,1
1365,648,1,1,2.731211549,3,0,1
1365,648,0,1,2.707385989,4,0,1
1365,400,0,1,2.730259577,3,0,1
1365,400,1,1,0.5856914039,94,0,1
1365,517,1,1,2.730049371,3,0,1
1365,517,0,1,1.804355089,80,0,1
1365,483,0,1,2.730006973,0,1,1
1365,483,1,1,1.238819222,93,0,1
1366,648,1,1,2.728256734,3,0,1
1366,648,0,1,2.704293715,4,0,1
1366,400,0,1,2.727287349,3,0,1
1366,400,1,1,0.5059548529,97,0,1
1366,517,1,1,2.72708994,3,0,1
1366,517,0,1,1.803744612,80,0,1
1366,467,1,1,2.726809259,1,1,1
1366,467,0,0,0,-1,0,1
1368,648,1,1,2.728183619,3,0,1
1368,648,0,1,2.704318532,4,0,1
1368,400,0,1,2.727204477,3,0,1
1368,400,1,1,0.5058386277,97,0,1
1368,517,1,1,2.727040396,3,0,1
1368,517,0,1,1.803728851,80,0,1
1368,404,0,1,2.726808792,1,1,1
1368,404,1,1,0.5539189503,77,0,1
1370,648,1,1,2.728231434,3,0,1
1370,648,0,1,2.704424736,4,0,1
1370,400,0,1,2.7272317,3,0,1
1370,400,1,1,0.5057574106,97,0,1
1370,517,1,1,2.727054294,3,0,1
1370,517,0,1,1.803683704,80,0,1
1370,404,0,1,2.726795258,1,1,1
1370,404,1,1,0.5539106142,77,0,1
1372,648,1,1,2.728243392,3,0,1
1372,648,0,1,2.70432657,4,0,1
1372,400,0,1,2.727238957,3,0,1
1372,400,1,1,0.5056984671,97,0,1
1372,517,1,1,2.727063923,3,0,1
1372,517,0,1,1.803659024,80,0,1
1372,404,0,1,2.726821797,1,1,1
1372,404,1,1,0.553906758,77,0,1
1374,648,1,1,2.728238926,3,0,1
1374,648,0,1,2.70430311,4,0,1
1374,400,0,1,2.727242289,3,0,1
1374,400,1,1,0.5057085204,97,0,1
1374,517,1,1,2.727054308,3,0,1
1374,517,0,1,1.803681321,80,0,1
1374,467,1,1,2.726923312,1,1,1
1374,467,0,0,0,-1,0,1
1376,648,1,1,2.72824737,3,0,1
1376,648,0,1,2.70427745,4,0,1
1376,400,0,1,2.727252717,3,0,1
1376,400,1,1,0.5058041665,97,0,1
1376,517,1,1,2.727055139,3,0,1
1376,517,0,1,1.803707574,80,0,1
1376,467,1,1,2.726967819,1,1,1
1376,467,0,0,0,-1,0,1
1378,648,1,1,2.727976801,3,0,1
1378,648,0,1,2.704016666,4,0,1
1378,400,0,1,2.726994634,3,0,1
1378,400,1,1,0.5707204863,94,0,1
1378,483,0,1,2.726950517,0,1,1
1378,483,1,1,1.215115421,91,0,1
1378,517,1,1,2.726775158,3,0,1
1378,517,0,1,1.803565803,80,0,1
1380,648,1,1,2.728261039,3,0,1
1380,648,0,1,2.70428869,4,0,1
1380,400,0,1,2.727259954,3,0,1
1380,400,1,1,0.5057313353,97,0,1
1380,517,1,1,2.72706177,3,0,1
1380,517,0,1,1.803447723,70,0,1
1380,467,1,1,2.726983608,1,1,1
1380,467,0,0,0,-1,0,1
1382,648,1,1,2.728268499,3,0,1
1382,648,0,1,2.704250629,4,0,1
1382,400,0,1,2.727267293,3,0,1
1382,400,1,1,0.5056973631,97,0,1
1382,517,1,1,2.727074165,3,0,1
1382,517,0,1,1.803479582,70,0,1
1382,467,1,1,2.727029221,1,1,1
1382,467,0,0,0,-1,0,1
1384,648,1,1,2.728264855,3,0,1
1384,648,0,1,2.704237024,4,0,1
1384,400,0,1,2.727260209,3,0,1
1384,400,1,1,0.5056863641,97,0,1
1384,517,1,1,2.727058618,3,0,1
1384,517,0,1,1.803734771,80,0,1
1384,467,1,1,2.727027403,1,1,1
1384,467,0,0,0,-1,0,1
1385,648,1,1,2.725268843,3,0,1
1385,648,0,1,2.701289445,4,0,1
1385,400,0,1,2.724260373,3,0,1
1385,400,1,1,0.4899101412,96,0,1
1385,517,1,1,2.724067088,3,0,1
1385,517,0,1,1.802848273,80,0,1
1385,288,0,1,2.723907787,1,1,1
1385,288,1,0,0,-1,0,1
1387,648,1,1,2.725313026,3,0,1
1387,648,0,1,2.701304169,4,0,1
1387,400,0,1,2.724302693,3,0,1
1387,400,1,1,0.4900298165,96,0,1
1387,517,1,1,2.724114075,3,0,1
1387,517,0,1,1.802875523,80,0,1
1387,288,0,1,2.723971142,1,1,1
1387,288,1,0,0,-1,0,1
1389,648,1,1,2.725293484,3,0,1
1389,648,0,1,2.701317407,4,0,1
1389,400,0,1,2.724278284,3,0,1
1389,400,1,1,0.4900851961,96,0,1
1389,517,1,1,2.724077579,3,0,1
1389,517,0,1,1.802873865,80,0,1
1389,288,0,1,2.724027991,1,1,1
1389,288,1,0,0,-1,0,1
1391,648,1,1,2.725185505,3,0,1
1391,648,0,1,2.701151812,4,0,1
1391,819,1,1,2.72505427,1,1,1
1391,819,0,1,2.583508929,9,0,1
1391,400,0,1,2.724173136,3,0,1
1391,400,1,1,0.5041362559,97,0,1
1391,517,1,1,2.723960338,3,0,1
1391,517,0,1,1.803082193,80,0,1
1393,288,0,1,2.725062695,0,1,1
1393,288,1,0,0,-1,0,1
1393,648,1,1,2.723891048,3,0,1
1393,648,0,1,2.700054252,4,0,1
1393,400,0,1,2.722862071,3,0,1
1393,400,1,1,0.5068179198,96,0,1
1393,467,1,1,2.722719701,1,0,1
1393,467,0,0,0,-1,0,1
1395,648,1,1,2.725507621,3,0,1
1395,648,0,1,2.701715321,4,0,1
1395,859,1,1,2.725051869,1,1,1
1395,859,0,1,-0.4083009018,117,0,1
1395,400,0,1,2.724489565,3,0,1
1395,400,1,1,0.5122320554,97,0,1
1395,467,1,1,2.72436623,1,0,1
1395,467,0,0,0,-1,0,1
1397,648,1,1,2.725765927,3,0,1
1397,648,0,1,2.701841327,4,0,1
1397,129,0,1,2.725069242,0,1,1
1397,129,1,1,0.2864413058,282,0,1
1397,400,0,1,2.724734701,3,0,1
1397,400,1,1,0.5429169589,97,0,1
1397,467,1,1,2.72459466,1,0,1
1397,467,0,0,0,-1,0,1
1399,648,1,1,2.725392907,3,0,1
1399,648,0,1,2.701525064,4,0,1
1399,483,0,1,2.725054295,0,1,1
1399,483,1,1,0.8877450179,107,0,1
1399,400,0,1,2.724373923,3,0,1
1399,400,1,1,0.5533184641,94,0,1
1399,467,1,1,2.724188083,1,0,1
1399,467,0,0,0,-1,0,1
1401,35,0,1,2.725092529,0,1,1
1401,35,1,1,-0.3900223552,122,0,1
1401,648,1,1,2.723987896,3,0,1
1401,648,0,1,2.700174657,4,0,1
1401,400,0,1,2.722970241,3,0,1
1401,400,1,1,0.5278229067,94,0,1
1401,467,1,1,2.722808043,1,0,1
1401,467,0,0,0,-1,0,1
1403,648,1,1,2.723318627,3,0,1
1403,648,0,1,2.699501509,4,0,1
1403,400,0,1,2.72229992,3,0,1
1403,400,1,1,0.5037072431,97,0,1
1403,467,1,1,2.722155232,1,1,1
1403,467,0,0,0,-1,0,1
1403,517,1,1,2.722107799,3,0,1
1403,517,0,1,1.799091482,80,0,1
1404,648,1,1,2.720429026,3,0,1
1404,648,0,1,2.696606969,4,0,1
1404,400,0,1,2.71940081,3,0,1
1404,400,1,1,0.4899729312,95,0,1
1404,517,1,1,2.719199977,3,0,1
1404,517,0,1,1.798263121,80,0,1
1404,404,0,1,2.718962236,1,1,1
1404,404,1,1,0.4845629837,77,0,1
1406,648,1,1,2.720439734,3,0,1
1406,648,0,1,2.696730474,4,0,1
1406,400,0,1,2.719413705,3,0,1
1406,400,1,1,0.4900039383,95,0,1
1406,517,1,1,2.719212406,3,0,1
1406,517,0,1,1.79826981,80,0,1
1406,404,0,1,2.718987258,1,1,1
1406,404,1,1,0.4845748477,77,0,1
1408,648,1,1,2.72046882,3,0,1
1408,648,0,1,2.696677122,4,0,1
1408,400,0,1,2.719437415,3,0,1
1408,400,1,1,0.4900246358,95,0,1
1408,517,1,1,2.719238457,3,0,1
1408,517,0,1,1.798254614,80,0,1
1408,404,0,1,2.718973739,1,1,1
1408,404,1,1,0.4845926452,77,0,1
1410,648,1,1,2.720485814,3,0,1
1410,648,0,1,2.696639491,4,0,1
1410,400,0,1,2.719453641,3,0,1
1410,400,1,1,0.4900057831,95,0,1
1410,517,1,1,2.719254113,3,0,1
1410,517,0,1,1.798249003,80,0,1
1410,299,0,1,2.719017531,1,1,1
1410,299,1,0,0,-1,0,1
1412,648,1,1,2.720491009,3,0,1
1412,648,0,1,2.696713928,4,0,1
1412,400,0,1,2.719458934,3,0,1
1412,400,1,1,0.4900133151,95,0,1
1412,517,1,1,2.719255876,3,0,1
1412,517,0,1,1.798276186,80,0,1
1412,299,0,1,2.719050049,1,1,1
1412,299,1,0,0,-1,0,1
1414,648,1,1,2.720508674,3,0,1
1414,648,0,1,2.696662897,4,0,1
1414,400,0,1,2.719469527,3,0,1
1414,400,1,1,0.4899880554,95,0,1
1414,517,1,1,2.719271145,3,0,1
1414,517,0,1,1.797984618,70,0,1
1414,299,0,1,2.719061521,1,1,1
1414,299,1,0,0,-1,0,1
1416,648,1,1,2.720518867,3,0,1
1416,648,0,1,2.696673359,4,0,1
1416,400,0,1,2.719480758,3,0,1
1416,400,1,1,0.4899753762,95,0,1
1416,517,1,1,2.719278483,3,0,1
1416,517,0,1,1.798526356,65,0,1
1416,299,0,1,2.719085701,1,1,1
1416,299,1,0,0,-1,0,1
1418,648,1,1,2.720518106,3,0,1
1418,648,0,1,2.69663712,4,0,1
1418,400,0,1,2.719476723,3,0,1
1418,400,1,1,0.4899492083,95,0,1
1418,517,1,1,2.719274889,3,0,1
1418,517,0,1,1.798303732,80,0,1
1418,299,0,1,2.719098447,1,1,1
1418,299,1,0,0,-1,0,1
1420,648,1,1,2.72051753,3,0,1
1420,648,0,1,2.696613791,4,0,1
1420,400,0,1,2.719475916,3,0,1
1420,400,1,1,0.4899351699,95,0,1
1420,517,1,1,2.719273037,3,0,1
1420,517,0,1,1.798286383,80,0,1
1420,299,0,1,2.71910639,1,1,1
1420,299,1,0,0,-1,0,1
1422,648,1,1,2.720514473,3,0,1
1422,648,0,1,2.696619431,4,0,1
1422,400,0,1,2.719470645,3,0,1
1422,400,1,1,0.4899254951,95,0,1
1422,517,1,1,2.719271161,3,0,1
1422,517,0,1,1.797984622,70,0,1
1422,299,0,1,2.719108241,1,1,1
1422,299,1,0,0,-1,0,1
1423,648,1,1,2.717407113,3,0,1
1423,648,0,1,2.693365117,4,0,1
1423,400,0,1,2.716362207,3,0,1
1423,400,1,1,0.481823106,95,0,1
1423,169,1,1,2.716165334,2,1,1
1423,169,0,1,1.806868889,40,0,1
1423,517,1,1,2.716148426,3,0,1
1423,517,0,1,1.796687759,80,0,1
1425,648,1,1,2.717160519,3,0,1
1425,648,0,1,2.693319843,4,0,1
1425,299,0,1,2.716197569,1,1,1
1425,299,1,0,0,-1,0,1
1425,400,0,1,2.716177191,3,0,1
1425,400,1,1,0.3938489153,98,0,1
1425,517,1,1,2.715902631,3,0,1
1425,517,0,1,1.796952671,65,0,1
1427,648,1,1,2.717408394,3,0,1
1427,648,0,1,2.693360138,4,0,1
1427,400,0,1,2.716357342,3,0,1
1427,400,1,1,0.4816776732,95,0,1
1427,169,1,1,2.716230014,2,1,1
1427,169,0,1,1.806860977,40,0,1
1427,517,1,1,2.716146941,3,0,1
1427,517,0,1,1.796711382,80,0,1
1429,648,1,1,2.717250041,3,0,1
1429,648,0,1,2.693182553,4,0,1
1429,400,0,1,2.716260358,3,0,1
1429,400,1,1,0.405050147,99,0,1
1429,467,1,1,2.716233395,1,1,1
1429,467,0,0,0,-1,0,1
1429,517,1,1,2.715989537,3,0,1
1429,517,0,1,1.796196435,65,0,1
1431,648,1,1,2.717399664,3,0,1
1431,648,0,1,2.693375862,4,0,1
1431,400,0,1,2.716342636,3,0,1
1431,400,1,1,0.4825698038,94,0,1
1431,169,1,1,2.716245975,2,1,1
1431,169,0,1,1.806873057,40,0,1
1431,517,1,1,2.716135373,3,0,1
1431,517,0,1,1.796722946,80,0,1
1433,648,1,1,2.717403021,3,0,1
1433,648,0,1,2.693360987,4,0,1
1433,400,0,1,2.716344664,3,0,1
1433,400,1,1,0.4825415905,94,0,1
1433,169,1,1,2.716244374,2,1,1
1433,169,0,1,1.806882569,40,0,1
1433,517,1,1,2.716135587,3,0,1
1433,517,0,1,1.796968724,65,0,1
1435,648,1,1,2.717400558,3,0,1
1435,648,0,1,2.69334508,4,0,1
1435,400,0,1,2.716345646,3,0,1
1435,400,1,1,0.4825068877,94,0,1
1435,169,1,1,2.716250934,2,1,1
1435,169,0,1,1.806889116,40,0,1
1435,517,1,1,2.716134306,3,0,1
1435,517,0,1,1.796953574,65,0,1
1437,648,1,1,2.717394014,3,0,1
1437,648,0,1,2.693354546,4,0,1
1437,400,0,1,2.716337392,3,0,1
1437,400,1,1,0.4824857687,94,0,1
1437,169,1,1,2.71625938,2,1,1
1437,169,0,1,1.806887205,40,0,1
1437,517,1,1,2.716125475,3,0,1
1437,517,0,1,1.796918292,65,0,1
1439,648,1,1,2.717394753,3,0,1
1439,648,0,1,2.693357324,4,0,1
1439,400,0,1,2.7163365,3,0,1
1439,400,1,1,0.4824810465,94,0,1
1439,169,1,1,2.716253998,2,1,1
1439,169,0,1,1.806878348,40,0,1
1439,517,1,1,2.716125648,3,0,1
1439,517,0,1,1.796402492,70,0,1
1441,648,1,1,2.717392882,3,0,1
1441,648,0,1,2.693366275,4,0,1
1441,400,0,1,2.716333291,3,0,1
1441,400,1,1,0.4824855077,94,0,1
1441,169,1,1,2.716255518,2,1,1
1441,169,0,1,1.806884205,40,0,1
1441,517,1,1,2.716124075,3,0,1
1441,517,0,1,1.796412652,70,0,1
1442,648,1,1,2.714561627,3,0,1
1442,648,0,1,2.69053911,4,0,1
1442,400,0,1,2.713563184,3,0,1
1442,400,1,1,0.3878334882,98,0,1
1442,517,1,1,2.713291046,3,0,1
1442,517,0,1,1.795175125,80,0,1
1442,404,0,1,2.713082549,1,1,1
1442,404,1,1,0.4757668399,77,0,1
1444,648,1,1,2.714589343,3,0,1
1444,648,0,1,2.690564437,4,0,1
1444,400,0,1,2.713592218,3,0,1
1444,400,1,1,0.3877422543,98,0,1
1444,517,1,1,2.713315114,3,0,1
1444,517,0,1,1.795369812,65,0,1
1444,404,0,1,2.71307252,1,1,1
1444,404,1,1,0.4757457467,77,0,1
1446,648,1,1,2.714570796,3,0,1
1446,648,0,1,2.690534484,4,0,1
1446,400,0,1,2.71357364,3,0,1
1446,400,1,1,0.388563822,97,0,1
1446,517,1,1,2.713298237,3,0,1
1446,517,0,1,1.794874455,70,0,1
1446,404,0,1,2.713066445,1,1,1
1446,404,1,1,0.4757664805,77,0,1
1448,648,1,1,2.714577287,3,0,1
1448,648,0,1,2.690518525,4,0,1
1448,400,0,1,2.713577321,3,0,1
1448,400,1,1,0.3885188385,97,0,1
1448,517,1,1,2.713301994,3,0,1
1448,517,0,1,1.794876724,70,0,1
1448,404,0,1,2.713080326,1,1,1
1448,404,1,1,0.4757630644,77,0,1
1450,648,1,1,2.714588211,3,0,1
1450,648,0,1,2.690549045,4,0,1
1450,400,0,1,2.713584652,3,0,1
1450,400,1,1,0.3884873766,97,0,1
1450,517,1,1,2.713311269,3,0,1
1450,517,0,1,1.794906926,70,0,1
1450,404,0,1,2.713074143,1,1,1
1450,404,1,1,0.4757515924,77,0,1
1452,648,1,1,2.714575925,3,0,1
1452,648,0,1,2.690528512,4,0,1
1452,400,0,1,2.71357424,3,0,1
1452,400,1,1,0.3884851729,97,0,1
1452,517,1,1,2.713299612,3,0,1
1452,517,0,1,1.794865589,70,0,1
1452,404,0,1,2.713069258,1,1,1
1452,404,1,1,0.4757636963,77,0,1
1454,648,1,1,2.714579275,3,0,1
1454,648,0,1,2.690515724,4,0,1
1454,400,0,1,2.713578313,3,0,1
1454,400,1,1,0.3884961847,97,0,1
1454,517,1,1,2.713301969,3,0,1
1454,517,0,1,1.794874727,70,0,1
1454,404,0,1,2.713072098,1,1,1
1454,404,1,1,0.4757652426,77,0,1
1456,648,1,1,2.714583949,3,0,1
1456,648,0,1,2.690542465,4,0,1
1456,400,0,1,2.713582913,3,0,1
1456,400,1,1,0.3884752671,97,0,1
1456,517,1,1,2.713305987,3,0,1
1456,517,0,1,1.79538796,65,0,1
1456,404,0,1,2.713071902,1,1,1
1456,404,1,1,0.4757567748,77,0,1
1458,648,1,1,2.714579087,3,0,1
1458,648,0,1,2.690526051,4,0,1
1458,400,0,1,2.713578547,3,0,1
1458,400,1,1,0.3884519768,97,0,1
1458,517,1,1,2.713300966,3,0,1
1458,517,0,1,1.794876667,70,0,1
1458,404,0,1,2.713070855,1,1,1
1458,404,1,1,0.4757637243,77,0,1
1460,648,1,1,2.714582423,3,0,1
1460,648,0,1,2.690513591,4,0,1
1460,400,0,1,2.71358112,3,0,1
1460,400,1,1,0.3884473719,97,0,1
1460,517,1,1,2.713304676,3,0,1
1460,517,0,1,1.79487859,70,0,1
1460,404,0,1,2.713069752,1,1,1
1460,404,1,1,0.4757632312,77,0,1
1461,648,1,1,2.711407037,3,0,1
1461,648,0,1,2.68749074,4,0,1
1461,400,0,1,2.710405726,3,0,1
1461,400,1,1,0.3882541947,97,0,1
1461,517,1,1,2.710148377,3,0,1
1461,517,0,1,1.791967524,65,0,1
1461,6,0,1,2.709914754,2,1,1
1461,6,1,1,-1.228915331,282,0,1
1463,648,1,1,2.711412158,3,0,1
1463,648,0,1,2.687475364,4,0,1
1463,400,0,1,2.710408293,3,0,1
1463,400,1,1,0.3882075784,97,0,1
1463,517,1,1,2.710149212,3,0,1
1463,517,0,1,1.791442155,70,0,1
1463,6,0,1,2.709912785,2,1,1
1463,6,1,1,-1.229070161,282,0,1
1465,648,1,1,2.711407799,3,0,1
1465,648,0,1,2.687473677,4,0,1
1465,400,0,1,2.710399124,3,0,1
1465,400,1,1,0.387274094,98,0,1
1465,517,1,1,2.710143072,3,0,1
1465,517,0,1,1.791449413,70,0,1
1465,6,0,1,2.709914186,2,1,1
1465,6,1,1,-1.232113875,181,0,1
1467,648,1,1,2.711407404,3,0,1
1467,648,0,1,2.687349506,4,0,1
1467,400,0,1,2.710410137,3,0,1
1467,400,1,1,0.3855125667,98,0,1
1467,517,1,1,2.710187572,3,0,1
1467,517,0,1,1.794012492,65,0,1
1467,465,0,1,2.710076505,1,1,1
1467,465,1,0,0,-1,0,1
1469,648,1,1,2.711347817,3,0,1
1469,648,0,1,2.687347026,4,0,1
1469,400,0,1,2.710326787,3,0,1
1469,400,1,1,0.3875843422,97,0,1
1469,6,0,1,2.710095917,2,1,1
1469,6,1,0,0,-1,0,1
1469,517,1,1,2.710069553,3,0,1
1469,517,0,1,1.793694451,70,0,1
1471,648,1,1,2.711406206,3,0,1
1471,648,0,1,2.687361531,4,0,1
1471,400,0,1,2.710405763,3,0,1
1471,400,1,1,0.3854008882,98,0,1
1471,517,1,1,2.710177939,3,0,1
1471,517,0,1,1.794003401,65,0,1
1471,465,0,1,2.710112106,1,1,1
1471,465,1,0,0,-1,0,1
1473,648,1,1,2.711419694,3,0,1
1473,648,0,1,2.687326117,4,0,1
1473,400,0,1,2.710420694,3,0,1
1473,400,1,1,0.385344274,98,0,1
1473,517,1,1,2.710193295,3,0,1
1473,517,0,1,1.7939887,65,0,1
1473,465,0,1,2.710130424,1,1,1
1473,465,1,0,0,-1,0,1
1475,648,1,1,2.711419234,3,0,1
1475,648,0,1,2.687297935,4,0,1
1475,400,0,1,2.710416219,3,0,1
1475,400,1,1,0.3852903793,98,0,1
1475,517,1,1,2.710184797,3,0,1
1475,517,0,1,1.793957693,65,0,1
1475,465,0,1,2.710136774,1,1,1
1475,465,1,0,0,-1,0,1
1477,648,1,1,2.711418939,3,0,1
1477,648,0,1,2.687298345,4,0,1
1477,400,0,1,2.710418207,3,0,1
1477,400,1,1,0.3852753604,98,0,1
1477,517,1,1,2.710184349,3,0,1
1477,517,0,1,1.793964627,65,0,1
1477,465,0,1,2.710135557,1,1,1
1477,465,1,0,0,-1,0,1
1479,648,1,1,2.711424647,3,0,1
1479,648,0,1,2.68729291,4,0,1
1479,400,0,1,2.710421645,3,0,1
1479,400,1,1,0.3852349202,98,0,1
1479,517,1,1,2.710193641,3,0,1
1479,517,0,1,1.793995591,65,0,1
1479,465,0,1,2.71014407,1,1,1
1479,465,1,0,0,-1,0,1
1480,648,1,1,2.708472282,3,0,1
1480,648,0,1,2.68446307,4,0,1
1480,400,0,1,2.707433134,2,0,1
1480,400,1,1,0.3851465084,131,0,1
1480,517,1,1,2.707243898,3,0,1
1480,517,0,1,1.792886801,65,0,1
1480,556,1,1,2.707055447,0,1,1
1480,556,0,0,0,-1,0,1
1482,648,1,1,2.708483988,3,0,1
1482,648,0,1,2.684445154,4,0,1
1482,400,0,1,2.707471047,3,0,1
1482,400,1,1,0.385235414,131,0,1
1482,517,1,1,2.707255027,3,0,1
1482,517,0,1,1.792956183,65,0,1
1482,556,1,1,2.707069687,0,1,1
1482,556,0,0,0,-1,0,1
1484,648,1,1,2.70848385,3,0,1
1484,648,0,1,2.684465565,4,0,1
1484,400,0,1,2.707462206,3,0,1
1484,400,1,1,0.3853418765,131,0,1
1484,517,1,1,2.707246816,3,0,1
1484,517,0,1,1.792894082,65,0,1
1484,556,1,1,2.707073336,0,1,1
1484,556,0,0,0,-1,0,1
1486,648,1,1,2.708482252,3,0,1
1486,648,0,1,2.684458042,4,0,1
1486,400,0,1,2.707464157,3,0,1
1486,400,1,1,0.3854409156,131,0,1
1486,517,1,1,2.707249145,3,0,1
1486,517,0,1,1.792412449,70,0,1
1486,556,1,1,2.70709036,0,1,1
1486,556,0,0,0,-1,0,1
1488,648,1,1,2.708478863,3,0,1
1488,648,0,1,2.684492907,4,0,1
1488,400,0,1,2.707461511,3,0,1
1488,400,1,1,0.3854490668,131,0,1
1488,517,1,1,2.707243172,3,0,1
1488,517,0,1,1.792936422,65,0,1
1488,556,1,1,2.707096817,0,1,1
1488,556,0,0,0,-1,0,1
1490,648,1,1,2.708488077,3,0,1
1490,648,0,1,2.684467601,4,0,1
1490,400,0,1,2.707469168,3,0,1
1490,400,1,1,0.3854489198,97,0,1
1490,517,1,1,2.70725788,3,0,1
1490,517,0,1,1.792416458,70,0,1
1490,556,1,1,2.707115572,0,1,1
1490,556,0,0,0,-1,0,1
1492,648,1,1,2.708480513,3,0,1
1492,648,0,1,2.684457648,4,0,1
1492,400,0,1,2.70746302,3,0,1
1492,400,1,1,0.3854446227,97,0,1
1492,517,1,1,2.707247153,3,0,1
1492,517,0,1,1.792925494,65,0,1
1492,556,1,1,2.70711639,0,1,1
1492,556,0,0,0,-1,0,1
1494,648,1,1,2.708488386,3,0,1
1494,648,0,1,2.684472428,4,0,1
1494,400,0,1,2.7074677,3,0,1
1494,400,1,1,0.385427032,97,0,1
1494,517,1,1,2.707260447,3,0,1
1494,517,0,1,1.792923348,65,0,1
1494,556,1,1,2.707126965,0,1,1
1494,556,0,0,0,-1,0,1
1496,648,1,1,2.708496776,3,0,1
1496,648,0,1,2.684467513,4,0,1
1496,400,0,1,2.707475142,3,0,1
1496,400,1,1,0.3854211665,97,0,1
1496,517,1,1,2.707262773,3,0,1
1496,517,0,1,1.79290876,65,0,1
1496,556,1,1,2.707132263,0,1,1
1496,556,0,0,0,-1,0,1
1498,648,1,1,2.708502513,3,0,1
1498,648,0,1,2.684462281,4,0,1
1498,400,0,1,2.707479681,3,0,1
1498,400,1,1,0.3855783126,131,0,1
1498,517,1,1,2.707269655,3,0,1
1498,517,0,1,1.792934532,65,0,1
1498,556,1,1,2.707140368,0,1,1
1498,556,0,0,0,-1,0,1
1499,648,1,1,2.705519812,3,0,1
1499,648,0,1,2.681510389,4,0,1
1499,400,0,1,2.704503867,3,0,1
1499,400,1,1,0.3830788664,97,0,1
1499,517,1,1,2.704295858,3,0,1
1499,517,0,1,1.79208262,65,0,1
1499,404,0,1,2.704006979,1,1,1
1499,404,1,1,0.4458679684,70,0,1
1501,648,1,1,2.705491215,3,0,1
1501,648,0,1,2.681501379,4,0,1
1501,400,0,1,2.704466402,3,0,1
1501,400,1,1,0.3841452921,131,0,1
1501,517,1,1,2.704270107,3,0,1
1501,517,0,1,1.79203662,65,0,1
1501,404,0,1,2.704000549,1,1,1
1501,404,1,1,0.4458993539,70,0,1
1503,648,1,1,2.705499087,3,0,1
1503,648,0,1,2.681492055,4,0,1
1503,400,0,1,2.704471405,3,0,1
1503,400,1,1,0.3832762798,97,0,1
1503,517,1,1,2.704272636,3,0,1
1503,517,0,1,1.792059061,65,0,1
1503,404,0,1,2.703975526,1,1,1
1503,404,1,1,0.4458859528,70,0,1
1505,648,1,1,2.705504931,3,0,1
1505,648,0,1,2.681526866,4,0,1
1505,400,0,1,2.704476425,3,0,1
1505,400,1,1,0.383264556,97,0,1
1505,517,1,1,2.704274924,3,0,1
1505,517,0,1,1.792099848,65,0,1
1505,404,0,1,2.70400403,2,1,1
1505,404,1,1,0.4458939901,70,0,1
1507,648,1,1,2.705499207,3,0,1
1507,648,0,1,2.681485147,4,0,1
1507,400,0,1,2.704473401,3,0,1
1507,400,1,1,0.3830488081,97,0,1
1507,517,1,1,2.704270532,3,0,1
1507,517,0,1,1.792084676,65,0,1
1507,404,0,1,2.703991895,1,1,1
1507,404,1,1,0.4458828216,70,0,1
1509,648,1,1,2.705503978,3,0,1
1509,648,0,1,2.681472578,4,0,1
1509,400,0,1,2.704476259,3,0,1
1509,400,1,1,0.3831313323,97,0,1
1509,517,1,1,2.704271568,3,0,1
1509,517,0,1,1.792103732,65,0,1
1509,404,0,1,2.703987364,1,1,1
1509,404,1,1,0.4458766009,70,0,1
1511,648,1,1,2.705503934,3,0,1
1511,648,0,1,2.681488184,4,0,1
1511,400,0,1,2.704475663,3,0,1
1511,400,1,1,0.3832015205,97,0,1
1511,517,1,1,2.704271596,3,0,1
1511,517,0,1,1.792097092,65,0,1
1511,404,0,1,2.703989239,1,1,1
1511,404,1,1,0.4458960419,70,0,1
1513,648,1,1,2.705503876,3,0,1
1513,648,0,1,2.681478458,4,0,1
1513,400,0,1,2.704476011,3,0,1
1513,400,1,1,0.3831740405,97,0,1
1513,517,1,1,2.704270509,3,0,1
1513,517,0,1,1.791565884,70,0,1
1513,404,0,1,2.703981866,1,1,1
1513,404,1,1,0.445898556,70,0,1
1515,648,1,1,2.705504219,3,0,1
1515,648,0,1,2.681477475,4,0,1
1515,400,0,1,2.704477265,3,0,1
1515,400,1,1,0.3831117367,97,0,1
1515,517,1,1,2.704271774,3,0,1
1515,517,0,1,1.792057629,65,0,1
1515,404,0,1,2.703978485,1,1,1
1515,404,1,1,0.4458941631,70,0,1
1517,648,1,1,2.705502453,3,0,1
1517,648,0,1,2.681490464,4,0,1
1517,400,0,1,2.704476576,3,0,1
1517,400,1,1,0.3830550072,97,0,1
1517,517,1,1,2.704269142,3,0,1
1517,517,0,1,1.792090398,65,0,1
1517,404,0,1,2.703981783,1,1,1
1517,404,1,1,0.445897399,70,0,1
1518,648,1,1,2.702355923,3,0,1
1518,648,0,1,2.678472442,4,0,1
1518,400,0,1,2.701329259,3,0,1
1518,400,1,1,0.3828499921,97,0,1
1518,517,1,1,2.701142462,3,0,1
1518,517,0,1,1.788644897,65,0,1
1518,408,1,1,2.700664526,1,1,1
1518,408,0,0,0,-1,0,1
1520,648,1,1,2.702348767,3,0,1
1520,648,0,1,2.678476359,4,0,1
1520,400,0,1,2.70132541,3,0,1
1520,400,1,1,0.382816401,97,0,1
1520,517,1,1,2.701130843,3,0,1
1520,517,0,1,1.788672553,65,0,1
1520,219,0,1,2.700634891,1,1,1
1520,219,1,0,0,-1,0,1
1522,648,1,1,2.702360465,3,0,1
1522,648,0,1,2.678438073,4,0,1
1522,400,0,1,2.70133079,3,0,1
1522,400,1,1,0.3827796376,97,0,1
1522,517,1,1,2.701147551,3,0,1
1522,517,0,1,1.788742105,65,0,1
1522,408,1,1,2.700713211,1,1,1
1522,408,0,0,0,-1,0,1
1524,648,1,1,2.702370282,3,0,1
1524,648,0,1,2.678439172,4,0,1
1524,400,0,1,2.701340587,3,0,1
1524,400,1,1,0.3827427318,97,0,1
1524,517,1,1,2.701149878,3,0,1
1524,517,0,1,1.788147468,70,0,1
1524,219,0,1,2.700632923,1,1,1
1524,219,1,0,0,-1,0,1
1526,648,1,1,2.702358765,3,0,1
1526,648,0,1,2.678427923,4,0,1
1526,400,0,1,2.701328134,3,0,1
1526,400,1,1,0.3827401215,97,0,1
1526,517,1,1,2.701141766,3,0,1
1526,517,0,1,1.788662791,65,0,1
1526,408,1,1,2.700707789,1,1,1
1526,408,0,0,0,-1,0,1
1528,648,1,1,2.702350029,3,0,1
1528,648,0,1,2.678445351,4,0,1
1528,400,0,1,2.701320251,3,0,1
1528,400,1,1,0.3827297048,97,0,1
1528,517,1,1,2.701129381,3,0,1
1528,517,0,1,1.788649827,65,0,1
1528,219,0,1,2.700620304,1,1,1
1528,219,1,0,0,-1,0,1
1530,648,1,1,2.702348224,3,0,1
1530,648,0,1,2.678416561,4,0,1
1530,400,0,1,2.701321016,3,0,1
1530,400,1,1,0.3827373331,97,0,1
1530,517,1,1,2.701132483,3,0,1
1530,517,0,1,1.788716793,65,0,1
1530,408,1,1,2.70070466,1,1,1
1530,408,0,0,0,-1,0,1
1532,648,1,1,2.702356658,3,0,1
1532,648,0,1,2.678455939,4,0,1
1532,400,0,1,2.701326228,3,0,1
1532,400,1,1,0.3827049637,97,0,1
1532,517,1,1,2.701135499,3,0,1
1532,517,0,1,1.788680116,65,0,1
1532,219,0,1,2.700627019,1,1,1
1532,219,1,0,0,-1,0,1
1534,648,1,1,2.70235337,3,0,1
1534,648,0,1,2.678418482,4,0,1
1534,400,0,1,2.70132501,3,0,1
1534,400,1,1,0.3826863703,97,0,1
1534,517,1,1,2.701134864,3,0,1
1534,517,0,1,1.788699126,65,0,1
1534,408,1,1,2.700711228,1,1,1
1534,408,0,0,0,-1,0,1
1536,648,1,1,2.702362397,3,0,1
1536,648,0,1,2.678442381,4,0,1
1536,400,0,1,2.701331307,3,0,1
1536,400,1,1,0.3826736505,97,0,1
1536,517,1,1,2.701141095,3,0,1
1536,517,0,1,1.788132899,70,0,1
1536,219,0,1,2.700628433,1,1,1
1536,219,1,0,0,-1,0,1
1537,648,1,1,2.699004036,3,0,1
1537,648,0,1,2.675128075,4,0,1
1537,620,1,1,2.698708596,1,1,1
1537,620,0,1,0.7426472146,217,0,1
1537,400,0,1,2.697974162,3,0,1
1537,400,1,1,0.3724523694,99,0,1
1537,517,1,1,2.697774554,3,0,1
1537,517,0,1,1.785102122,70,0,1
1539,219,0,1,2.698719346,0,1,1
1539,219,1,0,0,-1,0,1
1539,648,1,1,2.698717332,3,0,1
1539,648,0,1,2.67482517,4,0,1
1539,400,0,1,2.697805273,2,0,1
1539,400,1,1,0.3542139943,133,0,1
1539,517,1,1,2.697492612,3,0,1
1539,517,0,1,1.785601448,70,0,1
1541,648,1,1,2.700289247,3,0,1
1541,648,0,1,2.676271893,4,0,1
1541,400,0,1,2.699386013,2,0,1
1541,400,1,1,0.3516546191,133,0,1
1541,517,1,1,2.699034428,3,0,1
1541,517,0,1,1.787670448,70,0,1
1541,408,1,1,2.698757127,1,1,1
1541,408,0,1,1.118617774,283,0,1
1543,648,1,1,2.700302194,3,0,1
1543,648,0,1,2.676306181,4,0,1
1543,400,0,1,2.699393255,2,0,1
1543,400,1,1,0.3514339675,133,0,1
1543,517,1,1,2.699039846,3,0,1
1543,517,0,1,1.787588584,70,0,1
1543,408,1,1,2.6987807,1,1,1
1543,408,0,1,1.118619608,283,0,1
1545,648,1,1,2.70025658,3,0,1
1545,648,0,1,2.676236771,4,0,1
1545,400,0,1,2.699409334,2,0,1
1545,400,1,1,0.3514011592,133,0,1
1545,517,1,1,2.698996043,3,0,1
1545,517,0,1,1.788120067,65,0,1
1545,408,1,1,2.698805959,1,1,1
1545,408,0,1,1.118620224,283,0,1
1547,648,1,1,2.700301678,3,0,1
1547,648,0,1,2.676219171,4,0,1
1547,400,0,1,2.699390405,2,0,1
1547,400,1,1,0.3513094889,133,0,1
1547,517,1,1,2.699036352,3,0,1
1547,517,0,1,1.788236273,65,0,1
1547,408,1,1,2.698815191,1,1,1
1547,408,0,1,1.118623099,283,0,1
1549,648,1,1,2.700296,3,0,1
1549,648,0,1,2.676233517,4,0,1
1549,400,0,1,2.699383827,2,0,1
1549,400,1,1,0.3512212919,133,0,1
1549,517,1,1,2.699028965,3,0,1
1549,517,0,1,1.788253174,65,0,1
1549,408,1,1,2.698828466,1,1,1
1549,408,0,1,1.118622995,283,0,1
1551,648,1,1,2.700281873,3,0,1
1551,648,0,1,2.67622615,4,0,1
1551,400,0,1,2.69939333,2,0,1
1551,400,1,1,0.3511937244,133,0,1
1551,517,1,1,2.699010649,3,0,1
1551,517,0,1,1.788141439,65,0,1
1551,408,1,1,2.698838753,1,1,1
1551,408,0,1,1.118623402,283,0,1
1553,648,1,1,2.7002851,3,0,1
1553,648,0,1,2.676236066,4,0,1
1553,400,0,1,2.699381367,2,0,1
1553,400,1,1,0.3511454643,133,0,1
1553,517,1,1,2.699013122,3,0,1
1553,517,0,1,1.788116051,65,0,1
1553,408,1,1,2.698850965,1,1,1
1553,408,0,1,1.118623805,283,0,1
1555,648,1,1,2.700280614,3,0,1
1555,648,0,1,2.67620534,4,0,1
1555,400,0,1,2.699386727,2,0,1
1555,400,1,1,0.35113839,133,0,1
1555,517,1,1,2.699010234,3,0,1
1555,517,0,1,1.788184546,65,0,1
1555,408,1,1,2.698830347,1,1,1
1555,408,0,1,1.118624406,283,0,1
1556,648,1,1,2.697303918,3,0,1
1556,648,0,1,2.673210997,4,0,1
1556,400,0,1,2.696403389,2,0,1
1556,400,1,1,0.308838696,135,0,1
1556,517,1,1,2.696021012,3,0,1
1556,517,0,1,1.786959388,70,0,1
1556,404,0,1,2.695675282,1,1,1
1556,404,1,1,0.439357978,70,0,1
1558,648,1,1,2.697309366,3,0,1
1558,648,0,1,2.673182564,4,0,1
1558,400,0,1,2.696394322,2,0,1
1558,400,1,1,0.3089420835,135,0,1
1558,517,1,1,2.696024557,3,0,1
1558,517,0,1,1.787459305,65,0,1
1558,404,0,1,2.695705929,1,1,1
1558,404,1,1,0.4393523842,70,0,1
1560,648,1,1,2.697319316,3,0,1
1560,648,0,1,2.673157381,4,0,1
1560,400,0,1,2.696394358,2,0,1
1560,400,1,1,0.3090863913,135,0,1
1560,517,1,1,2.696031992,3,0,1
1560,517,0,1,1.787509138,65,0,1
1560,404,0,1,2.695694664,1,1,1
1560,404,1,1,0.4393517248,70,0,1
1562,648,1,1,2.697320983,3,0,1
1562,648,0,1,2.67317308,4,0,1
1562,400,0,1,2.696390556,2,1,1
1562,400,1,1,0.3091630698,135,0,1
1562,517,1,1,2.696033291,3,0,1
1562,517,0,1,1.787567675,65,0,1
1562,404,0,1,2.695693492,2,0,1
1562,404,1,1,0.4393627304,70,0,1
1564,648,1,1,2.69779285,3,0,1
1564,648,0,1,2.673666545,4,0,1
1564,517,1,1,2.696491294,3,0,1
1564,517,0,1,1.786987904,65,0,1
1564,408,1,1,2.696383662,1,1,1
1564,408,0,1,1.115566266,298,0,1
1564,404,0,1,2.696185618,1,0,1
1564,404,1,1,0.4413700737,70,0,1
1566,648,1,1,2.697661295,3,0,1
1566,648,0,1,2.673462474,4,0,1
1566,556,1,1,2.696404587,0,1,1
1566,556,0,0,0,-1,0,1
1566,517,1,1,2.696343111,3,0,1
1566,517,0,1,1.787059771,65,0,1
1566,404,0,1,2.695968465,1,0,1
1566,404,1,1,0.4443346684,77,0,1
1568,648,1,1,2.694854731,3,0,1
1568,648,0,1,2.670771509,4,0,1
1568,517,1,1,2.693539527,3,0,1
1568,517,0,1,1.786419112,65,0,1
1568,404,0,1,2.693218388,1,1,1
1568,404,1,1,0.4362630183,70,0,1
1568,639,1,1,2.693008753,1,0,1
1568,639,0,1,-0.9424758025,115,0,1
1570,648,1,1,2.694851885,3,0,1
1570,648,0,1,2.670721022,4,0,1
1570,517,1,1,2.693540929,3,0,1
1570,517,0,1,1.78632843,65,0,1
1570,404,0,1,2.693238265,2,0,1
1570,404,1,1,0.4362868438,70,0,1
1570,639,1,1,2.692980234,1,1,1
1570,639,0,1,-0.9424513489,115,0,1
1572,648,1,1,2.694852966,3,0,1
1572,648,0,1,2.670713512,4,0,1
1572,517,1,1,2.693531581,3,0,1
1572,517,0,1,1.785786958,70,0,1
1572,404,0,1,2.693193128,1,1,1
1572,404,1,1,0.4363143399,70,0,1
1572,639,1,1,2.692978627,1,0,1
1572,639,0,1,-0.9424728261,115,0,1
1574,648,1,1,2.694837974,3,0,1
1574,648,0,1,2.670678361,4,0,1
1574,517,1,1,2.693528634,3,0,1
1574,517,0,1,1.786319121,65,0,1
1574,404,0,1,2.693218739,1,1,1
1574,404,1,1,0.4363092568,70,0,1
1574,424,1,1,2.693002507,1,0,1
1574,424,0,0,0,-1,0,1
1575,648,1,1,2.691663692,3,0,1
1575,648,0,1,2.667708562,4,0,1
1575,517,1,1,2.690363148,3,0,1
1575,517,0,1,1.782935151,65,0,1
1575,639,1,1,2.689840962,1,1,1
1575,639,0,1,-0.9432406626,115,0,1
1575,424,1,1,2.689823739,1,0,1
1575,424,0,0,0,-1,0,1
1577,648,1,1,2.691658613,3,0,1
1577,648,0,1,2.66766015,4,0,1
1577,517,1,1,2.690357775,3,0,1
1577,517,0,1,1.782899565,65,0,1
1577,639,1,1,2.689815402,1,0,1
1577,639,0,1,-0.9432377099,115,0,1
1577,424,1,1,2.689848571,1,1,1
1577,424,0,0,0,-1,0,1
1579,648,1,1,2.691652213,3,0,1
1579,648,0,1,2.667664832,4,0,1
1579,517,1,1,2.690356868,3,0,1
1579,517,0,1,1.782854319,65,0,1
1579,424,1,1,2.689842885,1,0,1
1579,424,0,0,0,-1,0,1
1579,598,0,1,2.689857415,0,1,1
1579,598,1,0,0,-1,0,1
1581,648,1,1,2.691657945,3,0,1
1581,648,0,1,2.667695786,4,0,1
1581,517,1,1,2.690360505,3,0,1
1581,517,0,1,1.78293789,65,0,1
1581,424,1,1,2.68985731,1,0,1
1581,424,0,0,0,-1,0,1
1581,598,0,1,2.689842052,0,1,1
1581,598,1,0,0,-1,0,1
1583,648,1,1,2.691655151,3,0,1
1583,648,0,1,2.667641134,4,0,1
1583,517,1,1,2.690353683,3,0,1
1583,517,0,1,1.782939519,65,0,1
1583,424,1,1,2.689863778,1,1,1
1583,424,0,0,0,-1,0,1
1583,639,1,1,2.689839029,1,0,1
1583,639,0,1,-0.943242639,115,0,1
1585,648,1,1,2.691654055,3,0,1
1585,648,0,1,2.667652991,4,0,1
1585,517,1,1,2.690366558,3,0,1
1585,517,0,1,1.782921133,65,0,1
1585,424,1,1,2.689880508,1,1,1
1585,424,0,0,0,-1,0,1
1585,639,1,1,2.689867758,1,0,1
1585,639,0,1,-0.943244157,115,0,1
1587,648,1,1,2.691673889,3,0,1
1587,648,0,1,2.667657941,4,0,1
1587,517,1,1,2.69037355,3,0,1
1587,517,0,1,1.782923514,65,0,1
1587,424,1,1,2.689851231,1,0,1
1587,424,0,0,0,-1,0,1
1587,598,0,1,2.68984021,0,1,1
1587,598,1,0,0,-1,0,1
1589,648,1,1,2.691652895,3,0,1
1589,648,0,1,2.667633829,4,0,1
1589,517,1,1,2.690354264,3,0,1
1589,517,0,1,1.782912326,65,0,1
1589,424,1,1,2.689893649,1,1,1
1589,424,0,0,0,-1,0,1
1589,639,1,1,2.68985247,1,0,1
1589,639,0,1,-0.9432359942,115,0,1
1591,648,1,1,2.691655369,3,0,1
1591,648,0,1,2.667638859,4,0,1
1591,517,1,1,2.690355024,3,0,1
1591,517,0,1,1.782914554,65,0,1
1591,424,1,1,2.689872221,1,1,1
1591,424,0,0,0,-1,0,1
1591,639,1,1,2.68985557,1,0,1
1591,639,0,1,-0.9432137916,115,0,1
1593,648,1,1,2.691653157,3,0,1
1593,648,0,1,2.667702729,4,0,1
1593,517,1,1,2.690347756,3,0,1
1593,517,0,1,1.782949469,65,0,1
1593,424,1,1,2.68985494,1,0,1
1593,424,0,0,0,-1,0,1
1593,598,0,1,2.689825985,0,1,1
1593,598,1,0,0,-1,0,1
1594,648,1,1,2.688312456,3,0,1
1594,648,0,1,2.664285197,4,0,1
1594,517,1,1,2.687085507,3,0,1
1594,517,0,1,1.779830123,70,0,1
1594,662,0,1,2.686839494,2,0,1
1594,662,1,1,-1.493147997,688,0,1
1594,424,1,1,2.686521297,1,1,1
1594,424,0,0,0,-1,0,1
1596,648,1,1,2.6883466,3,0,1
1596,648,0,1,2.664471931,4,0,1
1596,517,1,1,2.687063914,3,0,1
1596,517,0,1,1.781111133,65,0,1
1596,639,1,1,2.686508681,1,0,1
1596,639,0,1,-0.9463466856,115,0,1
1596,598,0,1,2.686550595,0,1,1
1596,598,1,0,0,-1,0,1
1598,648,1,1,2.688336069,3,0,1
1598,648,0,1,2.664498756,4,0,1
1598,517,1,1,2.687053049,3,0,1
1598,517,0,1,1.781105133,65,0,1
1598,639,1,1,2.686547419,1,0,1
1598,639,0,1,-0.9463421336,115,0,1
1598,598,0,1,2.686548208,0,1,1
1598,598,1,0,0,-1,0,1
1600,648,1,1,2.688347488,3,0,1
1600,648,0,1,2.66447023,4,0,1
1600,517,1,1,2.687066217,3,0,1
1600,517,0,1,1.781078031,65,0,1
1600,598,0,1,2.686558351,0,1,1
1600,598,1,0,0,-1,0,1
1600,639,1,1,2.686543664,1,0,1
1600,639,0,1,-0.9463340692,115,0,1
1602,648,1,1,2.688352564,3,0,1
1602,648,0,1,2.664463849,4,0,1
1602,517,1,1,2.687060114,3,0,1
1602,517,0,1,1.781102258,65,0,1
1602,598,0,1,2.686556945,0,1,1
1602,598,1,0,0,-1,0,1
1602,639,1,1,2.686542724,1,0,1
1602,639,0,1,-0.9463445786,115,0,1
1604,648,1,1,2.688352754,3,0,1
1604,648,0,1,2.664474428,4,0,1
1604,517,1,1,2.687071943,3,0,1
1604,517,0,1,1.781102659,65,0,1
1604,598,0,1,2.686561123,0,1,1
1604,598,1,0,0,-1,0,1
1604,639,1,1,2.686554794,1,0,1
1604,639,0,1,-0.9463413571,115,0,1
1606,648,1,1,2.688278804,3,0,1
1606,648,0,1,2.664245634,4,0,1
1606,517,1,1,2.687051162,3,0,1
1606,517,0,1,1.779792616,70,0,1
1606,662,0,1,2.686866022,0,1,1
1606,662,1,1,-1.493129338,688,0,1
1606,424,1,1,2.6865611,1,0,1
1606,424,0,0,0,-1,0,1
1608,648,1,1,2.688249246,3,0,1
1608,648,0,1,2.664402797,4,0,1
1608,517,1,1,2.686954067,3,0,1
1608,517,0,1,1.781238852,65,0,1
1608,598,0,1,2.686875225,0,1,1
1608,598,1,0,0,-1,0,1
1608,424,1,1,2.686508605,1,0,1
1608,424,0,0,0,-1,0,1
1610,648,1,1,2.688476548,3,0,1
1610,648,0,1,2.66448223,4,0,1
1610,517,1,1,2.687234689,3,0,1
1610,517,0,1,1.782150988,65,0,1
1610,404,0,1,2.68683865,1,1,1
1610,404,1,1,0.4028285889,81,0,1
1610,424,1,1,2.686715735,1,0,1
1610,424,0,0,0,-1,0,1
1612,648,1,1,2.688457247,3,0,1
1612,648,0,1,2.664500782,4,0,1
1612,517,1,1,2.687209893,3,0,1
1612,517,0,1,1.782216313,65,0,1
1612,404,0,1,2.686876545,1,1,1
1612,404,1,1,0.4020835837,78,0,1
1612,424,1,1,2.686750616,1,0,1
1612,424,0,0,0,-1,0,1
1613,648,1,1,2.685320983,3,0,1
1613,648,0,1,2.661472551,4,0,1
1613,517,1,1,2.684091732,3,0,1
1613,517,0,1,1.77869519,65,0,1
1613,424,1,1,2.683610718,1,1,1
1613,424,0,0,0,-1,0,1
1613,639,1,1,2.683552111,1,0,1
1613,639,0,1,-0.9714862817,118,0,1
1615,648,1,1,2.685335413,3,0,1
1615,648,0,1,2.661501279,4,0,1
1615,517,1,1,2.684107983,3,0,1
1615,517,0,1,1.778791236,65,0,1
1615,424,1,1,2.683634006,1,1,1
1615,424,0,0,0,-1,0,1
1615,639,1,1,2.683561437,1,0,1
1615,639,0,1,-0.9714828931,118,0,1
1617,648,1,1,2.685337214,3,0,1
1617,648,0,1,2.661482176,4,0,1
1617,517,1,1,2.68410282,3,0,1
1617,517,0,1,1.77827549,70,0,1
1617,424,1,1,2.683630276,1,1,1
1617,424,0,0,0,-1,0,1
1617,639,1,1,2.683540774,1,0,1
1617,639,0,1,-0.9714766351,118,0,1
1619,648,1,1,2.685343235,3,0,1
1619,648,0,1,2.661437027,4,0,1
1619,517,1,1,2.68411133,3,0,1
1619,517,0,1,1.778226543,70,0,1
1619,424,1,1,2.683643364,1,1,1
1619,424,0,0,0,-1,0,1
1619,639,1,1,2.683538174,1,0,1
1619,639,0,1,-0.9714753603,118,0,1
1621,648,1,1,2.685335965,3,0,1
1621,648,0,1,2.661468299,4,0,1
1621,517,1,1,2.684103583,3,0,1
1621,517,0,1,1.778225477,70,0,1
1621,424,1,1,2.683663553,1,1,1
1621,424,0,0,0,-1,0,1
1621,639,1,1,2.683563754,1,0,1
1621,639,0,1,-0.9714737326,118,0,1
1623,648,1,1,2.68533318,3,0,1
1623,648,0,1,2.661431371,4,0,1
1623,517,1,1,2.684103108,3,0,1
1623,517,0,1,1.778744665,65,0,1
1623,424,1,1,2.683662653,1,1,1
1623,424,0,0,0,-1,0,1
1623,639,1,1,2.683540271,1,0,1
1623,639,0,1,-0.9714729857,118,0,1
1625,648,1,1,2.685335128,3,0,1
1625,648,0,1,2.661436628,4,0,1
1625,517,1,1,2.684102591,3,0,1
1625,517,0,1,1.77877437,65,0,1
1625,424,1,1,2.683657545,1,1,1
1625,424,0,0,0,-1,0,1
1625,639,1,1,2.683554763,1,0,1
1625,639,0,1,-0.9714672748,118,0,1
1627,648,1,1,2.68533839,3,0,1
1627,648,0,1,2.661459051,4,0,1
1627,517,1,1,2.684104778,3,0,1
1627,517,0,1,1.778272532,70,0,1
1627,424,1,1,2.683659577,1,1,1
1627,424,0,0,0,-1,0,1
1627,639,1,1,2.683553849,1,0,1
1627,639,0,1,-0.9714654134,118,0,1
1629,648,1,1,2.68534068,3,0,1
1629,648,0,1,2.661425896,4,0,1
1629,517,1,1,2.684105226,3,0,1
1629,517,0,1,1.778209456,70,0,1
1629,424,1,1,2.683660055,1,1,1
1629,424,0,0,0,-1,0,1
1629,639,1,1,2.683552593,1,0,1
1629,639,0,1,-0.9714688361,118,0,1
1631,648,1,1,2.685335133,3,0,1
1631,648,0,1,2.661427444,4,0,1
1631,517,1,1,2.684101227,3,0,1
1631,517,0,1,1.778235201,70,0,1
1631,424,1,1,2.68366718,1,1,1
1631,424,0,0,0,-1,0,1
1631,639,1,1,2.683550658,1,0,1
1631,639,0,1,-0.9714654888,118,0,1
1632,648,1,1,2.682155141,3,0,1
1632,648,0,1,2.658411715,4,0,1
1632,517,1,1,2.680935521,3,0,1
1632,517,0,1,1.77647069,70,0,1
1632,639,1,1,2.680383119,1,1,1
1632,639,0,1,-0.9744044365,118,0,1
1632,943,0,1,2.680317019,1,0,1
1632,943,1,1,-0.1899198313,172,0,1
1634,648,1,1,2.682150335,3,0,1
1634,648,0,1,2.658407247,4,0,1
1634,517,1,1,2.680925747,3,0,1
1634,517,0,1,1.776442477,70,0,1
1634,639,1,1,2.680379668,1,1,1
1634,639,0,1,-0.9744017489,118,0,1
1634,943,0,1,2.680331766,1,0,1
1634,943,1,1,-0.1899351969,172,0,1
1636,648,1,1,2.682162923,3,0,1
1636,648,0,1,2.65836084,4,0,1
1636,517,1,1,2.680936422,3,0,1
1636,517,0,1,1.776431487,70,0,1
1636,639,1,1,2.68036608,1,1,1
1636,639,0,1,-0.974398445,118,0,1
1636,943,0,1,2.680325926,1,0,1
1636,943,1,1,-0.1899352471,172,0,1
1638,648,1,1,2.68216884,3,0,1
1638,648,0,1,2.658325776,4,0,1
1638,517,1,1,2.680946207,3,0,1
1638,517,0,1,1.776444246,70,0,1
1638,639,1,1,2.68037778,1,1,1
1638,639,0,1,-0.9744006593,118,0,1
1638,943,0,1,2.680351872,1,0,1
1638,943,1,1,-0.1899263908,172,0,1
1640,648,1,1,2.68217847,3,0,1
1640,648,0,1,2.658302984,4,0,1
1640,517,1,1,2.680958093,3,0,1
1640,517,0,1,1.776484106,70,0,1
1640,639,1,1,2.680399285,1,1,1
1640,639,0,1,-0.9743971129,118,0,1
1640,943,0,1,2.680364262,1,0,1
1640,943,1,1,-0.1899254521,172,0,1
1642,648,1,1,2.682181616,3,0,1
1642,648,0,1,2.658306887,4,0,1
1642,517,1,1,2.680963332,3,0,1
1642,517,0,1,1.776477994,70,0,1
1642,639,1,1,2.680407158,1,1,1
1642,639,0,1,-0.9743920599,118,0,1
1642,943,0,1,2.680374922,1,0,1
1642,943,1,1,-0.1899372531,172,0,1
1644,648,1,1,2.682194257,3,0,1
1644,648,0,1,2.658293144,4,0,1
1644,517,1,1,2.680973764,3,0,1
1644,517,0,1,1.776428714,70,0,1
1644,639,1,1,2.68041441,1,1,1
1644,639,0,1,-0.9743925131,118,0,1
1644,943,0,1,2.680378903,1,0,1
1644,943,1,1,-0.1899456391,172,0,1
1646,648,1,1,2.682199509,3,0,1
1646,648,0,1,2.658276728,4,0,1
1646,517,1,1,2.680978495,3,0,1
1646,517,0,1,1.77643002,70,0,1
1646,639,1,1,2.680424735,1,1,1
1646,639,0,1,-0.9743889176,118,0,1
1646,943,0,1,2.680390369,1,0,1
1646,943,1,1,-0.1899377525,172,0,1
1648,648,1,1,2.682200577,3,0,1
1648,648,0,1,2.658277382,4,0,1
1648,517,1,1,2.680978293,3,0,1
1648,517,0,1,1.776461894,70,0,1
1648,639,1,1,2.680428159,1,1,1
1648,639,0,1,-0.974389518,118,0,1
1648,943,0,1,2.680393079,1,0,1
1648,943,1,1,-0.1899341058,172,0,1
1650,648,1,1,2.682202937,3,0,1
1650,648,0,1,2.658272085,4,0,1
1650,517,1,1,2.68098084,3,0,1
1650,517,0,1,1.77647196,70,0,1
1650,639,1,1,2.680432711,1,1,1
1650,639,0,1,-0.9743888734,118,0,1
1650,943,0,1,2.680397914,1,0,1
1650,943,1,1,-0.1899394096,172,0,1
1651,648,1,1,2.678912873,3,0,1
1651,648,0,1,2.654851806,5,0,1
1651,517,1,1,2.677687075,3,0,1
1651,517,0,1,1.774102879,65,0,1
1651,943,0,1,2.677130032,1,0,1
1651,943,1,1,-0.1915008682,163,0,1
1651,38,1,1,2.676986789,0,1,1
1651,38,0,0,0,-1,0,1
1653,648,1,1,2.67891422,3,0,1
1653,648,0,1,2.654908114,4,0,1
1653,517,1,1,2.677693997,3,0,1
1653,517,0,1,1.773569339,70,0,1
1653,943,0,1,2.677124892,1,0,1
1653,943,1,1,-0.1911595038,168,0,1
1653,38,1,1,2.676981337,0,1,1
1653,38,0,0,0,-1,0,1
1655,648,1,1,2.678908511,3,0,1
1655,648,0,1,2.655038975,4,0,1
1655,517,1,1,2.677677454,3,0,1
1655,517,0,1,1.774150976,65,0,1
1655,943,0,1,2.677108773,1,0,1
1655,943,1,1,-0.1907258056,150,0,1
1655,38,1,1,2.676984298,0,1,1
1655,38,0,0,0,-1,0,1
1657,648,1,1,2.678912307,3,0,1
1657,648,0,1,2.654958096,4,0,1
1657,517,1,1,2.677692342,3,0,1
1657,517,0,1,1.773560886,70,0,1
1657,943,0,1,2.677117773,1,0,1
1657,943,1,1,-0.1911361322,168,0,1
1657,38,1,1,2.676972001,0,1,1
1657,38,0,0,0,-1,0,1
1659,648,1,1,2.6789075,3,0,1
1659,648,0,1,2.65503595,4,0,1
1659,517,1,1,2.677679036,3,0,1
1659,517,0,1,1.773629655,70,0,1
1659,943,0,1,2.67711492,1,0,1
1659,943,1,1,-0.1911179574,177,0,1
1659,38,1,1,2.676987101,0,1,1
1659,38,0,0,0,-1,0,1
1661,648,1,1,2.678912799,3,0,1
1661,648,0,1,2.654964808,4,0,1
1661,517,1,1,2.677692316,3,0,1
1661,517,0,1,1.774102395,65,0,1
1661,943,0,1,2.677128444,1,0,1
1661,943,1,1,-0.1911319372,168,0,1
1661,38,1,1,2.677014316,0,1,1
1661,38,0,0,0,-1,0,1
1663,648,1,1,2.678903916,3,0,1
1663,648,0,1,2.65499541,4,0,1
1663,517,1,1,2.677675523,3,0,1
1663,517,0,1,1.773579716,70,0,1
1663,943,0,1,2.677130785,1,0,1
1663,943,1,1,-0.1911468596,168,0,1
1663,38,1,1,2.677042915,0,1,1
1663,38,0,0,0,-1,0,1
1665,648,1,1,2.678901408,3,0,1
1665,648,0,1,2.654967255,4,0,1
1665,517,1,1,2.677678834,3,0,1
1665,517,0,1,1.774140054,65,0,1
1665,943,0,1,2.677131841,1,0,1
1665,943,1,1,-0.1906991936,150,0,1
1665,38,1,1,2.67705359,0,1,1
1665,38,0,0,0,-1,0,1
1667,648,1,1,2.678888595,3,0,1
1667,648,0,1,2.654987068,4,0,1
1667,517,1,1,2.677660676,3,0,1
1667,517,0,1,1.773577891,70,0,1
1667,943,0,1,2.677127012,1,0,1
1667,943,1,1,-0.1915126272,163,0,1
1667,38,1,1,2.677052656,0,1,1
1667,38,0,0,0,-1,0,1
1669,648,1,1,2.678886442,3,0,1
1669,648,0,1,2.654999879,4,0,1
1669,517,1,1,2.677660768,3,0,1
1669,517,0,1,1.773602865,70,0,1
1669,943,0,1,2.677120487,1,0,1
1669,943,1,1,-0.1911456765,168,0,1
1669,38,1,1,2.677053608,0,1,1
1669,38,0,0,0,-1,0,1
1670,648,1,1,2.675538517,3,0,1
1670,648,0,1,2.651784645,4,0,1
1670,517,1,1,2.674357494,3,0,1
1670,517,0,1,1.771395032,70,0,1
1670,943,0,1,2.673765799,1,1,1
1670,943,1,1,-0.1942509671,163,0,1
1670,631,1,1,2.673698539,1,0,1
1670,631,0,0,0,-1,0,1
1672,648,1,1,2.675612393,3,0,1
1672,648,0,1,2.651648627,4,0,1
1672,517,1,1,2.674383584,3,0,1
1672,517,0,1,1.771610055,70,0,1
1672,38,1,1,2.673755506,0,1,1
1672,38,0,0,0,-1,0,1
1672,631,1,1,2.673787253,1,0,1
1672,631,0,0,0,-1,0,1
1674,648,1,1,2.675599758,3,0,1
1674,648,0,1,2.651728023,4,0,1
1674,517,1,1,2.674371894,3,0,1
1674,517,0,1,1.771677982,70,0,1
1674,38,1,1,2.673764295,0,1,1
1674,38,0,0,0,-1,0,1
1674,631,1,1,2.673798483,1,0,1
1674,631,0,0,0,-1,0,1
1676,648,1,1,2.675612915,3,0,1
1676,648,0,1,2.651709497,4,0,1
1676,517,1,1,2.674387078,3,0,1
1676,517,0,1,1.77164705,70,0,1
1676,631,1,1,2.673780149,1,0,1
1676,631,0,0,0,-1,0,1
1676,38,1,1,2.673748936,0,1,1
1676,38,0,0,0,-1,0,1
1678,648,1,1,2.675619064,3,0,1
1678,648,0,1,2.651714324,4,0,1
1678,517,1,1,2.674394009,3,0,1
1678,517,0,1,1.771645083,70,0,1
1678,631,1,1,2.673784804,1,0,1
1678,631,0,0,0,-1,0,1
1678,38,1,1,2.673748404,0,1,1
1678,38,0,0,0,-1,0,1
1680,648,1,1,2.675633176,3,0,1
1680,648,0,1,2.651700216,4,0,1
1680,517,1,1,2.674403571,3,0,1
1680,517,0,1,1.772195932,65,0,1
1680,631,1,1,2.673795697,1,0,1
1680,631,0,0,0,-1,0,1
1680,38,1,1,2.673753422,0,1,1
1680,38,0,0,0,-1,0,1
1682,648,1,1,2.675630799,3,0,1
1682,648,0,1,2.651695118,4,0,1
1682,517,1,1,2.674405004,3,0,1
1682,517,0,1,1.771633947,70,0,1
1682,631,1,1,2.673812445,1,0,1
1682,631,0,0,0,-1,0,1
1682,38,1,1,2.673763685,0,1,1
1682,38,0,0,0,-1,0,1
1684,648,1,1,2.675626615,3,0,1
1684,648,0,1,2.651698687,4,0,1
1684,517,1,1,2.674396832,3,0,1
1684,517,0,1,1.771674042,70,0,1
1684,631,1,1,2.673812045,1,0,1
1684,631,0,0,0,-1,0,1
1684,38,1,1,2.673768443,0,1,1
1684,38,0,0,0,-1,0,1
1686,648,1,1,2.675621032,3,0,1
1686,648,0,1,2.651666179,4,0,1
1686,517,1,1,2.674391047,3,0,1
1686,517,0,1,1.772156681,65,0,1
1686,631,1,1,2.673812975,1,0,1
1686,631,0,0,0,-1,0,1
1686,38,1,1,2.673771831,0,1,1
1686,38,0,0,0,-1,0,1
1688,648,1,1,2.675621947,3,0,1
1688,648,0,1,2.65169475,4,0,1
1688,517,1,1,2.674390371,3,0,1
1688,517,0,1,1.771645121,70,0,1
1688,631,1,1,2.673807345,1,0,1
1688,631,0,0,0,-1,0,1
1688,38,1,1,2.673771786,0,1,1
1688,38,0,0,0,-1,0,1
1689,648,1,1,2.672280124,3,0,1
1689,648,0,1,2.648486191,4,0,1
1689,517,1,1,2.671093329,3,0,1
1689,517,0,1,1.769472131,70,0,1
1689,631,1,1,2.670480009,1,1,1
1689,631,0,0,0,-1,0,1
1689,418,1,1,2.670412599,2,0,1
1689,418,0,0,0,-1,0,1
1691,648,1,1,2.672348368,3,0,1
1691,648,0,1,2.648310122,4,0,1
1691,517,1,1,2.671159777,3,0,1
1691,517,0,1,1.770353626,70,0,1
1691,229,1,1,2.670477194,2,0,1
1691,229,0,1,0.4731477825,77,0,1
1691,38,1,1,2.670482353,0,1,1
1691,38,0,0,0,-1,0,1
1693,648,1,1,2.672346082,3,0,1
1693,648,0,1,2.648344218,4,0,1
1693,517,1,1,2.671153424,3,0,1
1693,517,0,1,1.770414454,70,0,1
1693,229,1,1,2.670485485,2,0,1
1693,229,0,1,0.4731392171,77,0,1
1693,38,1,1,2.670499097,0,1,1
1693,38,0,0,0,-1,0,1
1695,648,1,1,2.672352731,3,0,1
1695,648,0,1,2.64835179,4,0,1
1695,517,1,1,2.671162576,3,0,1
1695,517,0,1,1.770394265,70,0,1
1695,229,1,1,2.670492038,2,0,1
1695,229,0,1,0.473150542,77,0,1
1695,38,1,1,2.670491935,0,1,1
1695,38,0,0,0,-1,0,1
1697,648,1,1,2.672367527,3,0,1
1697,648,0,1,2.648351947,4,0,1
1697,517,1,1,2.671175407,3,0,1
1697,517,0,1,1.770387788,70,0,1
1697,229,1,1,2.670508364,2,0,1
1697,229,0,1,0.4731215849,77,0,1
1697,38,1,1,2.670495667,0,1,1
1697,38,0,0,0,-1,0,1
1699,648,1,1,2.672374965,3,0,1
1699,648,0,1,2.64833994,4,0,1
1699,517,1,1,2.671182847,3,0,1
1699,517,0,1,1.770930581,65,0,1
1699,229,1,1,2.670512263,2,0,1
1699,229,0,1,0.4730871413,77,0,1
1699,38,1,1,2.670495302,0,1,1
1699,38,0,0,0,-1,0,1
1701,648,1,1,2.672375726,3,0,1
1701,648,0,1,2.648330481,4,0,1
1701,517,1,1,2.671185564,3,0,1
1701,517,0,1,1.770378123,70,0,1
1701,229,1,1,2.670526131,2,0,1
1701,229,0,1,0.4730871201,77,0,1
1701,38,1,1,2.670496344,0,1,1
1701,38,0,0,0,-1,0,1
1703,648,1,1,2.672377439,3,0,1
1703,648,0,1,2.648330043,4,0,1
1703,517,1,1,2.671180719,3,0,1
1703,517,0,1,1.770425466,70,0,1
1703,229,1,1,2.670529956,2,0,1
1703,229,0,1,0.4731130283,77,0,1
1703,38,1,1,2.670510408,0,1,1
1703,38,0,0,0,-1,0,1
1705,648,1,1,2.672373148,3,0,1
1705,648,0,1,2.648299691,4,0,1
1705,517,1,1,2.671177573,3,0,1
1705,517,0,1,1.770402023,70,0,1
1705,229,1,1,2.670527807,2,0,1
1705,229,0,1,0.4731090497,77,0,1
1705,38,1,1,2.670520504,0,1,1
1705,38,0,0,0,-1,0,1
1707,648,1,1,2.672370532,3,0,1
1707,648,0,1,2.648323178,4,0,1
1707,517,1,1,2.671172401,3,0,1
1707,517,0,1,1.770391326,70,0,1
1707,229,1,1,2.670524098,2,0,1
1707,229,0,1,0.4730999128,77,0,1
1707,38,1,1,2.670523208,0,1,1
1707,38,0,0,0,-1,0,1
1708,648,1,1,2.669058826,3,0,1
1708,648,0,1,2.645136966,4,0,1
1708,517,1,1,2.667906005,3,0,1
1708,517,0,1,1.768233091,70,0,1
1708,229,1,1,2.667208492,2,0,1
1708,229,0,1,0.4693794306,132,0,1
1708,418,1,1,2.667226351,2,1,1
1708,418,0,0,0,-1,0,1
1710,648,1,1,2.669067,3,0,1
1710,648,0,1,2.64506549,4,0,1
1710,517,1,1,2.667883326,3,0,1
1710,517,0,1,1.768191519,70,0,1
1710,229,1,1,2.667206848,2,0,1
1710,229,0,1,0.4652669324,78,0,1
1710,314,1,1,2.667221686,2,1,1
1710,314,0,0,0,-1,0,1
1712,648,1,1,2.66893358,3,0,1
1712,648,0,1,2.6451599,4,0,1
1712,517,1,1,2.667754859,3,0,1
1712,517,0,1,1.767079256,70,0,1
1712,418,1,1,2.667215071,1,1,1
1712,418,0,0,0,-1,0,1
1712,229,1,1,2.66707971,2,0,1
1712,229,0,1,0.4662229722,77,0,1
1714,648,1,1,2.668935168,3,0,1
1714,648,0,1,2.645284496,4,0,1
1714,517,1,1,2.667712943,3,0,1
1714,517,0,1,1.766147332,70,0,1
1714,631,1,1,2.667208679,1,0,1
1714,631,0,0,0,-1,0,1
1714,38,1,1,2.667130636,0,1,1
1714,38,0,0,0,-1,0,1
1716,648,1,1,2.66894175,3,0,1
1716,648,0,1,2.645305696,4,0,1
1716,517,1,1,2.667727634,3,0,1
1716,517,0,1,1.766191162,70,0,1
1716,631,1,1,2.667194991,1,0,1
1716,631,0,0,0,-1,0,1
1716,38,1,1,2.66711598,0,1,1
1716,38,0,0,0,-1,0,1
1718,648,1,1,2.668952104,3,0,1
1718,648,0,1,2.645117223,4,0,1
1718,517,1,1,2.667773566,3,0,1
1718,517,0,1,1.767263229,70,0,1
1718,631,1,1,2.667200171,1,1,1
1718,631,0,0,0,-1,0,1
1718,314,1,1,2.667107514,2,0,1
1718,314,0,0,0,-1,0,1
1720,648,1,1,2.668927458,3,0,1
1720,648,0,1,2.645075267,4,0,1
1720,517,1,1,2.667783356,3,0,1
1720,517,0,1,1.76795271,70,0,1
1720,943,0,1,2.667198465,1,1,1
1720,943,1,0,0,-1,0,1
1720,314,1,1,2.667094209,2,0,1
1720,314,0,0,0,-1,0,1
1722,648,1,1,2.668971162,3,0,1
1722,648,0,1,2.645155858,4,0,1
1722,517,1,1,2.667824964,3,0,1
1722,517,0,1,1.769401682,65,0,1
1722,639,1,1,2.667222477,1,1,1
1722,639,0,0,0,-1,0,1
1722,314,1,1,2.667116522,2,0,1
1722,314,0,0,0,-1,0,1
1724,648,1,1,2.669070962,3,0,1
1724,648,0,1,2.645026604,4,0,1
1724,517,1,1,2.667888554,3,0,1
1724,517,0,1,1.76870608,65,0,1
1724,229,1,1,2.667199797,2,0,1
1724,229,0,1,0.46359735,79,0,1
1724,314,1,1,2.66720372,2,1,1
1724,314,0,0,0,-1,0,1
1726,648,1,1,2.669059255,3,0,1
1726,648,0,1,2.645008893,4,0,1
1726,517,1,1,2.667876909,3,0,1
1726,517,0,1,1.768174357,70,0,1
1726,229,1,1,2.667199274,2,0,1
1726,229,0,1,0.4651481869,78,0,1
1726,38,1,1,2.667228095,0,1,1
1726,38,0,0,0,-1,0,1
1727,648,1,1,2.665788409,3,0,1
1727,648,0,1,2.64193067,4,0,1
1727,517,1,1,2.6646501,3,0,1
1727,517,0,1,1.766086126,70,0,1
1727,229,1,1,2.663924535,2,0,1
1727,229,0,1,0.4634875649,145,0,1
1727,314,1,1,2.663941704,2,1,1
1727,314,0,0,0,-1,0,1
1729,648,1,1,2.665771204,3,0,1
1729,648,0,1,2.64186899,4,0,1
1729,517,1,1,2.664632576,3,0,1
1729,517,0,1,1.766579808,65,0,1
1729,229,1,1,2.663935369,2,1,1
1729,229,0,1,0.4633799753,145,0,1
1729,314,1,1,2.66392332,2,0,1
1729,314,0,0,0,-1,0,1
1731,648,1,1,2.665758704,3,0,1
1731,648,0,1,2.641810228,4,0,1
1731,517,1,1,2.664579729,3,0,1
1731,517,0,1,1.765404665,70,0,1
1731,38,1,1,2.663919386,0,1,1
1731,38,0,0,0,-1,0,1
1731,314,1,1,2.663910389,2,0,1
1731,314,0,0,0,-1,0,1
1733,648,1,1,2.665768058,3,0,1
1733,648,0,1,2.641840894,4,0,1
1733,517,1,1,2.664591146,3,0,1
1733,517,0,1,1.765890928,65,0,1
1733,38,1,1,2.663927344,0,1,1
1733,38,0,0,0,-1,0,1
1733,306,1,1,2.663947531,3,0,1
1733,306,0,0,0,-1,0,1
1735,648,1,1,2.66578591,3,0,1
1735,648,0,1,2.641868119,4,0,1
1735,517,1,1,2.664604222,3,0,1
1735,517,0,1,1.765363072,70,0,1
1735,314,1,1,2.663905021,2,1,1
1735,314,0,0,0,-1,0,1
1735,306,1,1,2.663964833,3,0,1
1735,306,0,0,0,-1,0,1
1737,648,1,1,2.665755507,3,0,1
1737,648,0,1,2.641905476,4,0,1
1737,517,1,1,2.664577249,3,0,1
1737,517,0,1,1.765424534,70,0,1
1737,38,1,1,2.663943363,0,1,1
1737,38,0,0,0,-1,0,1
1737,306,1,1,2.663942185,3,0,1
1737,306,0,0,0,-1,0,1
1739,648,1,1,2.665763843,3,0,1
1739,648,0,1,2.641823961,4,0,1
1739,517,1,1,2.664580406,3,0,1
1739,517,0,1,1.765851939,65,0,1
1739,38,1,1,2.663946142,0,1,1
1739,38,0,0,0,-1,0,1
1739,306,1,1,2.663950631,3,0,1
1739,306,0,0,0,-1,0,1
1741,648,1,1,2.665771929,3,0,1
1741,648,0,1,2.641857552,4,0,1
1741,517,1,1,2.66458609,3,0,1
1741,517,0,1,1.765323394,70,0,1
1741,38,1,1,2.663961511,0,1,1
1741,38,0,0,0,-1,0,1
1741,306,1,1,2.66395633,3,0,1
1741,306,0,0,0,-1,0,1
1743,648,1,1,2.665770243,3,0,1
1743,648,0,1,2.641896851,4,0,1
1743,517,1,1,2.664589829,3,0,1
1743,517,0,1,1.765941309,65,0,1
1743,38,1,1,2.663938376,0,1,1
1743,38,0,0,0,-1,0,1
1743,306,1,1,2.663958742,3,0,1
1743,306,0,0,0,-1,0,1
1745,648,1,1,2.665777762,3,0,1
1745,648,0,1,2.641879701,4,0,1
1745,517,1,1,2.664597118,3,0,1
1745,517,0,1,1.765350624,70,0,1
1745,38,1,1,2.663909635,0,1,1
1745,38,0,0,0,-1,0,1
1745,306,1,1,2.663968856,3,0,1
1745,306,0,0,0,-1,0,1
1746,648,1,1,2.66253757,3,0,1
1746,648,0,1,2.63873493,4,0,1
1746,517,1,1,2.661400546,3,0,1
1746,517,0,1,1.7637791,65,0,1
1746,306,1,1,2.660733401,3,0,1
1746,306,0,0,0,-1,0,1
1746,314,1,1,2.660650533,2,1,1
1746,314,0,0,0,-1,0,1
1748,648,1,1,2.662485694,3,0,1
1748,648,0,1,2.638703458,4,0,1
1748,517,1,1,2.661349212,3,0,1
1748,517,0,1,1.76325161,70,0,1
1748,306,1,1,2.660678022,3,0,1
1748,306,0,0,0,-1,0,1
1748,314,1,1,2.660644893,2,1,1
1748,314,0,0,0,-1,0,1
1750,648,1,1,2.662499729,3,0,1
1750,648,0,1,2.638705126,4,0,1
1750,517,1,1,2.661366221,3,0,1
1750,517,0,1,1.763223287,70,0,1
1750,306,1,1,2.660693746,3,0,1
1750,306,0,0,0,-1,0,1
1750,668,1,1,2.660636223,2,1,1
1750,668,0,0,0,-1,0,1
1752,648,1,1,2.662505201,3,0,1
1752,648,0,1,2.638677911,4,0,1
1752,517,1,1,2.661374798,3,0,1
1752,517,0,1,1.763240069,70,0,1
1752,306,1,1,2.660719306,3,0,1
1752,306,0,0,0,-1,0,1
1752,668,1,1,2.660681009,2,1,1
1752,668,0,0,0,-1,0,1
1754,648,1,1,2.662515608,3,0,1
1754,648,0,1,2.638644255,4,0,1
1754,517,1,1,2.661380086,3,0,1
1754,517,0,1,1.763260742,70,0,1
1754,306,1,1,2.660734803,3,0,1
1754,306,0,0,0,-1,0,1
1754,314,1,1,2.660645453,2,1,1
1754,314,0,0,0,-1,0,1
1756,648,1,1,2.662506726,3,0,1
1756,648,0,1,2.638663155,4,0,1
1756,517,1,1,2.661363617,3,0,1
1756,517,0,1,1.763256129,70,0,1
1756,306,1,1,2.660708868,3,0,1
1756,306,0,0,0,-1,0,1
1756,314,1,1,2.660655951,2,1,1
1756,314,0,0,0,-1,0,1
1758,648,1,1,2.662484214,3,0,1
1758,648,0,1,2.638721278,4,0,1
1758,517,1,1,2.661348598,3,0,1
1758,517,0,1,1.763256095,70,0,1
1758,306,1,1,2.660683817,3,0,1
1758,306,0,0,0,-1,0,1
1758,668,1,1,2.660662365,2,1,1
1758,668,0,0,0,-1,0,1
1760,648,1,1,2.662518505,3,0,1
1760,648,0,1,2.638671318,4,0,1
1760,517,1,1,2.661389296,3,0,1
1760,517,0,1,1.763791968,65,0,1
1760,306,1,1,2.660731488,3,0,1
1760,306,0,0,0,-1,0,1
1760,668,1,1,2.660703616,2,1,1
1760,668,0,0,0,-1,0,1
1762,648,1,1,2.662519302,3,0,1
1762,648,0,1,2.638639334,4,0,1
1762,517,1,1,2.661381784,3,0,1
1762,517,0,1,1.763242034,70,0,1
1762,306,1,1,2.660731275,3,0,1
1762,306,0,0,0,-1,0,1
1762,668,1,1,2.660697632,2,1,1
1762,668,0,0,0,-1,0,1
1764,648,1,1,2.662531447,3,0,1
1764,648,0,1,2.638625159,4,0,1
1764,517,1,1,2.661391524,3,0,1
1764,517,0,1,1.763219387,70,0,1
1764,306,1,1,2.660748924,3,0,1
1764,306,0,0,0,-1,0,1
1764,668,1,1,2.660691857,2,1,1
1764,668,0,0,0,-1,0,1
1765,648,1,1,2.659301673,3,0,1
1765,648,0,1,2.635503607,4,0,1
1765,485,0,1,2.658094643,1,1,1
1765,485,1,0,0,-1,0,1
1765,517,1,1,2.658142526,3,0,1
1765,517,0,1,1.762162435,70,0,1
1765,306,1,1,2.657564502,3,0,1
1765,306,0,0,0,-1,0,1
1767,648,1,1,2.656799562,3,0,1
1767,648,0,1,2.633170277,4,0,1
1767,517,1,1,2.655640827,3,0,1
1767,517,0,1,1.760936922,70,0,1
1767,306,1,1,2.655106571,3,0,1
1767,306,0,0,0,-1,0,1
1767,314,1,1,2.654882246,2,1,1
1767,314,0,0,0,-1,0,1
1769,648,1,1,2.6567836,3,0,1
1769,648,0,1,2.633085173,4,0,1
1769,517,1,1,2.655623382,3,0,1
1769,517,0,1,1.761532407,65,0,1
1769,306,1,1,2.655111655,3,0,1
1769,306,0,0,0,-1,0,1
1769,314,1,1,2.654910915,2,1,1
1769,314,0,0,0,-1,0,1
1771,648,1,1,2.656785443,3,0,1
1771,648,0,1,2.633106857,4,0,1
1771,517,1,1,2.65562028,3,0,1
1771,517,0,1,1.761536135,65,0,1
1771,306,1,1,2.655124903,3,0,1
1771,306,0,0,0,-1,0,1
1771,314,1,1,2.654941841,2,1,1
1771,314,0,0,0,-1,0,1
1773,648,1,1,2.656771088,3,0,1
1773,648,0,1,2.633070535,4,0,1
1773,517,1,1,2.655605977,3,0,1
1773,517,0,1,1.761520728,65,0,1
1773,306,1,1,2.655112601,3,0,1
1773,306,0,0,0,-1,0,1
1773,314,1,1,2.654934868,2,1,1
1773,314,0,0,0,-1,0,1
1775,648,1,1,2.656767841,3,0,1
1775,648,0,1,2.633084718,4,0,1
1775,517,1,1,2.655604664,3,0,1
1775,517,0,1,1.761512699,65,0,1
1775,306,1,1,2.655112674,3,0,1
1775,306,0,0,0,-1,0,1
1775,314,1,1,2.654942691,2,1,1
1775,314,0,0,0,-1,0,1
1777,648,1,1,2.656757561,3,0,1
1777,648,0,1,2.633068249,4,0,1
1777,517,1,1,2.655592688,3,0,1
1777,517,0,1,1.761520743,65,0,1
1777,306,1,1,2.655101033,3,0,1
1777,306,0,0,0,-1,0,1
1777,314,1,1,2.654943471,2,1,1
1777,314,0,0,0,-1,0,1
1779,648,1,1,2.656750138,3,0,1
1779,648,0,1,2.633080009,4,0,1
1779,517,1,1,2.65558597,3,0,1
1779,517,0,1,1.761537844,65,0,1
1779,306,1,1,2.655091689,3,0,1
1779,306,0,0,0,-1,0,1
1779,314,1,1,2.654953451,2,1,1
1779,314,0,0,0,-1,0,1
1781,648,1,1,2.656738641,3,0,1
1781,648,0,1,2.633093836,4,0,1
1781,517,1,1,2.655575034,3,0,1
1781,517,0,1,1.761550129,65,0,1
1781,306,1,1,2.655078492,3,0,1
1781,306,0,0,0,-1,0,1
1781,314,1,1,2.654957103,2,1,1
1781,314,0,0,0,-1,0,1
1783,648,1,1,2.656732878,3,0,1
1783,648,0,1,2.633095909,4,0,1
1783,517,1,1,2.655569448,3,0,1
1783,517,0,1,1.761549334,65,0,1
1783,306,1,1,2.655071346,3,0,1
1783,306,0,0,0,-1,0,1
1783,314,1,1,2.654963237,2,1,1
1783,314,0,0,0,-1,0,1
1784,648,1,1,2.653451092,3,0,1
1784,648,0,1,2.630030292,4,0,1
1784,517,1,1,2.652291924,3,0,1
1784,517,0,1,1.758151363,65,0,1
1784,306,1,1,2.651796616,3,0,1
1784,306,0,0,0,-1,0,1
1784,603,1,1,2.651453243,0,1,1
1784,603,0,0,0,-1,0,1
1786,648,1,1,2.653541863,3,0,1
1786,648,0,1,2.630020544,4,0,1
1786,517,1,1,2.652387176,3,0,1
1786,517,0,1,1.757694335,70,0,1
1786,306,1,1,2.651887363,3,0,1
1786,306,0,0,0,-1,0,1
1786,603,1,1,2.651572371,0,1,1
1786,603,0,0,0,-1,0,1
1788,648,1,1,2.653505098,3,0,1
1788,648,0,1,2.630139165,4,0,1
1788,517,1,1,2.652347356,3,0,1
1788,517,0,1,1.758249045,65,0,1
1788,306,1,1,2.651847786,3,0,1
1788,306,0,0,0,-1,0,1
1788,603,1,1,2.651495688,0,1,1
1788,603,0,0,0,-1,0,1
1790,648,1,1,2.653486953,3,0,1
1790,648,0,1,2.630029474,4,0,1
1790,517,1,1,2.652328688,3,0,1
1790,517,0,1,1.758184371,65,0,1
1790,306,1,1,2.651834237,3,0,1
1790,306,0,0,0,-1,0,1
1790,603,1,1,2.651527438,0,1,1
1790,603,0,0,0,-1,0,1
1792,648,1,1,2.653471935,3,0,1
1792,648,0,1,2.630070298,4,0,1
1792,517,1,1,2.652316898,3,0,1
1792,517,0,1,1.757737277,70,0,1
1792,306,1,1,2.651807255,3,0,1
1792,306,0,0,0,-1,0,1
1792,603,1,1,2.651479377,0,1,1
1792,603,0,0,0,-1,0,1
1794,648,1,1,2.653562747,3,0,1
1794,648,0,1,2.630051872,4,0,1
1794,517,1,1,2.652400247,3,0,1
1794,517,0,1,1.758215465,65,0,1
1794,306,1,1,2.651915822,3,0,1
1794,306,0,0,0,-1,0,1
1794,603,1,1,2.651511067,0,1,1
1794,603,0,0,0,-1,0,1
1796,648,1,1,2.653495,3,0,1
1796,648,0,1,2.630025667,4,0,1
1796,517,1,1,2.652335334,3,0,1
1796,517,0,1,1.758164252,65,0,1
1796,306,1,1,2.651856802,3,0,1
1796,306,0,0,0,-1,0,1
1796,603,1,1,2.651574654,1,1,1
1796,603,0,0,0,-1,0,1
1798,648,1,1,2.653491727,3,0,1
1798,648,0,1,2.630067111,4,0,1
1798,517,1,1,2.652332447,3,0,1
1798,517,0,1,1.757730552,70,0,1
1798,306,1,1,2.651834461,3,0,1
1798,306,0,0,0,-1,0,1
1798,603,1,1,2.651537452,0,1,1
1798,603,0,0,0,-1,0,1
1800,648,1,1,2.653494581,3,0,1
1800,648,0,1,2.630070882,4,0,1
1800,517,1,1,2.652334482,3,0,1
1800,517,0,1,1.758254905,65,0,1
1800,306,1,1,2.651853466,3,0,1
1800,306,0,0,0,-1,0,1
1800,603,1,1,2.651427331,0,1,1
1800,603,0,0,0,-1,0,1
1802,648,1,1,2.653540894,3,0,1
1802,648,0,1,2.630025522,4,0,1
1802,517,1,1,2.652377603,3,0,1
1802,517,0,1,1.758189973,65,0,1
1802,306,1,1,2.65189202,3,0,1
1802,306,0,0,0,-1,0,1
1802,603,1,1,2.651508317,0,1,1
1802,603,0,0,0,-1,0,1
1803,648,1,1,2.650132819,3,0,1
1803,648,0,1,2.626676597,4,0,1
1803,517,1,1,2.648965461,3,0,1
1803,517,0,1,1.756748025,65,0,1
1803,306,1,1,2.64851358,3,0,1
1803,306,0,0,0,-1,0,1
1803,15,1,1,2.648188366,2,1,1
1803,15,0,0,0,-1,0,1
1805,648,1,1,2.650135948,3,0,1
1805,648,0,1,2.626685695,4,0,1
1805,517,1,1,2.648952815,3,0,1
1805,517,0,1,1.756684369,65,0,1
1805,306,1,1,2.648526777,3,0,1
1805,306,0,0,0,-1,0,1
1805,15,1,1,2.648186809,2,1,1
1805,15,0,0,0,-1,0,1
1807,648,1,1,2.650167909,3,0,1
1807,648,0,1,2.62667719,4,0,1
1807,517,1,1,2.649010993,3,0,1
1807,517,0,1,1.756265939,65,0,1
1807,306,1,1,2.648600481,3,0,1
1807,306,0,0,0,-1,0,1
1807,346,1,1,2.648506969,1,1,1
1807,346,0,0,0,-1,0,1
1809,648,1,1,2.649436678,3,0,1
1809,648,0,1,2.62603067,4,0,1
1809,15,1,1,2.648504629,2,1,1
1809,15,0,0,0,-1,0,1
1809,517,1,1,2.648249565,3,0,1
1809,517,0,1,1.756435227,65,0,1
1809,306,1,1,2.647855599,3,0,1
1809,306,0,0,0,-1,0,1
1811,648,1,1,2.650462913,3,0,1
1811,648,0,1,2.626788912,4,0,1
1811,517,1,1,2.64927647,3,0,1
1811,517,0,1,1.758176504,65,0,1
1811,306,1,1,2.648937461,3,0,1
1811,306,0,0,0,-1,0,1
1811,314,1,1,2.64852004,2,1,1
1811,314,0,0,0,-1,0,1
1813,648,1,1,2.650460696,3,0,1
1813,648,0,1,2.626774071,4,0,1
1813,517,1,1,2.649268557,3,0,1
1813,517,0,1,1.758216029,65,0,1
1813,306,1,1,2.648948256,3,0,1
1813,306,0,0,0,-1,0,1
1813,314,1,1,2.64851975,2,1,1
1813,314,0,0,0,-1,0,1
1815,648,1,1,2.650470717,3,0,1
1815,648,0,1,2.626761788,4,0,1
1815,517,1,1,2.649278257,3,0,1
1815,517,0,1,1.758251909,65,0,1
1815,306,1,1,2.648953371,3,0,1
1815,306,0,0,0,-1,0,1
1815,314,1,1,2.648524681,2,1,1
1815,314,0,0,0,-1,0,1
1817,648,1,1,2.650463228,3,0,1
1817,648,0,1,2.626751276,4,0,1
1817,517,1,1,2.649273437,3,0,1
1817,517,0,1,1.758239901,65,0,1
1817,306,1,1,2.648940806,3,0,1
1817,306,0,0,0,-1,0,1
1817,314,1,1,2.648532937,2,1,1
1817,314,0,0,0,-1,0,1
1819,648,1,1,2.650447264,3,0,1
1819,648,0,1,2.626761329,4,0,1
1819,517,1,1,2.649257452,3,0,1
1819,517,0,1,1.758208928,65,0,1
1819,306,1,1,2.64892218,3,0,1
1819,306,0,0,0,-1,0,1
1819,314,1,1,2.648526138,2,1,1
1819,314,0,0,0,-1,0,1
1821,648,1,1,2.650445116,3,0,1
1821,648,0,1,2.626761715,4,0,1
1821,517,1,1,2.649253753,3,0,1
1821,517,0,1,1.758209772,65,0,1
1821,306,1,1,2.648920366,3,0,1
1821,306,0,0,0,-1,0,1
1821,314,1,1,2.64853548,2,1,1
1821,314,0,0,0,-1,0,1
1822,648,1,1,2.647148209,3,0,1
1822,648,0,1,2.623723756,4,0,1
1822,517,1,1,2.645962283,3,0,1
1822,517,0,1,1.754893456,65,0,1
1822,306,1,1,2.645619436,3,0,1
1822,306,0,0,0,-1,0,1
1822,603,1,1,2.645218392,0,1,1
1822,603,0,0,0,-1,0,1
1824,648,1,1,2.646004718,3,0,1
1824,648,0,1,2.62233285,4,0,1
1824,314,1,1,2.645259855,1,1,1
1824,314,0,0,0,-1,0,1
1824,517,1,1,2.644803636,3,0,1
1824,517,0,1,1.755985787,65,0,1
1824,306,1,1,2.64452409,3,0,1
1824,306,0,0,0,-1,0,1
1826,648,1,1,2.647019539,3,0,1
1826,648,0,1,2.623353373,4,0,1
1826,517,1,1,2.645815346,3,0,1
1826,517,0,1,1.756154356,65,0,1
1826,306,1,1,2.645506139,3,0,1
1826,306,0,0,0,-1,0,1
1826,229,1,1,2.645264705,2,1,1
1826,229,0,1,0.4169757049,218,0,1
1828,648,1,1,2.647045404,3,0,1
1828,648,0,1,2.623401537,4,0,1
1828,517,1,1,2.645804591,3,0,1
1828,517,0,1,1.75543454,65,0,1
1828,306,1,1,2.645569329,3,0,1
1828,306,0,0,0,-1,0,1
1828,38,1,1,2.645281926,0,1,1
1828,38,0,0,0,-1,0,1
1830,648,1,1,2.64714938,3,0,1
1830,648,0,1,2.623731017,4,0,1
1830,517,1,1,2.645962575,3,0,1
1830,517,0,1,1.754984573,65,0,1
1830,306,1,1,2.645635897,3,0,1
1830,306,0,0,0,-1,0,1
1830,603,1,1,2.645225463,0,1,1
1830,603,0,0,0,-1,0,1
1832,648,1,1,2.647188074,3,0,1
1832,648,0,1,2.623661018,4,0,1
1832,517,1,1,2.646002703,3,0,1
1832,517,0,1,1.754933624,65,0,1
1832,306,1,1,2.645674264,3,0,1
1832,306,0,0,0,-1,0,1
1832,603,1,1,2.645271025,0,1,1
1832,603,0,0,0,-1,0,1
1834,648,1,1,2.647176582,3,0,1
1834,648,0,1,2.623719906,4,0,1
1834,517,1,1,2.64598935,3,0,1
1834,517,0,1,1.754922642,65,0,1
1834,306,1,1,2.645665434,3,0,1
1834,306,0,0,0,-1,0,1
1834,603,1,1,2.645255461,0,1,1
1834,603,0,0,0,-1,0,1
1836,648,1,1,2.647155616,3,0,1
1836,648,0,1,2.623741059,4,0,1
1836,517,1,1,2.645970726,3,0,1
1836,517,0,1,1.755008689,65,0,1
1836,306,1,1,2.64563873,3,0,1
1836,306,0,0,0,-1,0,1
1836,603,1,1,2.645222908,0,1,1
1836,603,0,0,0,-1,0,1
1838,648,1,1,2.647188259,3,0,1
1838,648,0,1,2.623684876,4,0,1
1838,517,1,1,2.645998072,3,0,1
1838,517,0,1,1.754910552,65,0,1
1838,306,1,1,2.64567971,3,0,1
1838,306,0,0,0,-1,0,1
1838,603,1,1,2.645256007,0,1,1
1838,603,0,0,0,-1,0,1
1840,648,1,1,2.647185322,3,0,1
1840,648,0,1,2.623703749,4,0,1
1840,517,1,1,2.646002462,3,0,1
1840,517,0,1,1.754927052,65,0,1
1840,306,1,1,2.645660781,3,0,1
1840,306,0,0,0,-1,0,1
1840,603,1,1,2.645274221,0,1,1
1840,603,0,0,0,-1,0,1
1841,648,1,1,2.643909599,3,0,1
1841,648,0,1,2.620432706,4,0,1
1841,517,1,1,2.642717432,3,0,1
1841,517,0,1,1.753472496,65,0,1
1841,306,1,1,2.642413325,3,0,1
1841,306,0,0,0,-1,0,1
1841,737,1,1,2.641968918,2,1,1
1841,737,0,0,0,-1,0,1
1843,648,1,1,2.643902262,3,0,1
1843,648,0,1,2.620420266,4,0,1
1843,517,1,1,2.642702435,3,0,1
1843,517,0,1,1.753410545,65,0,1
1843,306,1,1,2.64241605,3,0,1
1843,306,0,0,0,-1,0,1
1843,737,1,1,2.641968133,2,1,1
1843,737,0,0,0,-1,0,1
1845,648,1,1,2.643915031,3,0,1
1845,648,0,1,2.620360507,4,0,1
1845,517,1,1,2.642713835,3,0,1
1845,517,0,1,1.753356168,65,0,1
1845,306,1,1,2.642447728,3,0,1
1845,306,0,0,0,-1,0,1
1845,737,1,1,2.641963179,2,1,1
1845,737,0,0,0,-1,0,1
1847,648,1,1,2.643929178,3,0,1
1847,648,0,1,2.620360387,4,0,1
1847,517,1,1,2.642728907,3,0,1
1847,517,0,1,1.753386656,65,0,1
1847,306,1,1,2.642466906,3,0,1
1847,306,0,0,0,-1,0,1
1847,737,1,1,2.641959729,2,1,1
1847,737,0,0,0,-1,0,1
1849,648,1,1,2.643934609,3,0,1
1849,648,0,1,2.620359643,4,0,1
1849,517,1,1,2.642733987,3,0,1
1849,517,0,1,1.753443828,65,0,1
1849,306,1,1,2.642473581,3,0,1
1849,306,0,0,0,-1,0,1
1849,737,1,1,2.641957217,2,1,1
1849,737,0,0,0,-1,0,1
1851,648,1,1,2.643883535,3,0,1
1851,648,0,1,2.620376744,4,0,1
1851,517,1,1,2.642689359,3,0,1
1851,517,0,1,1.753163487,65,0,1
1851,306,1,1,2.642424061,3,0,1
1851,306,0,0,0,-1,0,1
1851,603,1,1,2.641970736,0,1,1
1851,603,0,0,0,-1,0,1
1853,648,1,1,2.643886186,3,0,1
1853,648,0,1,2.620437522,4,0,1
1853,517,1,1,2.642679749,3,0,1
1853,517,0,1,1.753347322,65,0,1
1853,306,1,1,2.642417737,3,0,1
1853,306,0,0,0,-1,0,1
1853,737,1,1,2.641977637,2,1,1
1853,737,0,0,0,-1,0,1
1855,648,1,1,2.643914999,3,0,1
1855,648,0,1,2.620367006,4,0,1
1855,517,1,1,2.642717798,3,0,1
1855,517,0,1,1.753315509,65,0,1
1855,306,1,1,2.642446025,3,0,1
1855,306,0,0,0,-1,0,1
1855,737,1,1,2.641961778,2,1,1
1855,737,0,0,0,-1,0,1
1857,648,1,1,2.643909366,3,0,1
1857,648,0,1,2.62036215,4,0,1
1857,517,1,1,2.64270995,3,0,1
1857,517,0,1,1.753390883,65,0,1
1857,306,1,1,2.64244521,3,0,1
1857,306,0,0,0,-1,0,1
1857,737,1,1,2.641994946,2,1,1
1857,737,0,0,0,-1,0,1
1859,648,1,1,2.643913603,3,0,1
1859,648,0,1,2.620377719,4,0,1
1859,517,1,1,2.642713559,3,0,1
1859,517,0,1,1.753481919,65,0,1
1859,306,1,1,2.642450249,3,0,1
1859,306,0,0,0,-1,0,1
1859,737,1,1,2.64198836,1,1,1
1859,737,0,0,0,-1,0,1
1860,648,1,1,2.640636794,3,0,1
1860,648,0,1,2.6171967,4,0,1
1860,517,1,1,2.63943886,3,0,1
1860,517,0,1,1.751731497,65,0,1
1860,306,1,1,2.639199503,3,0,1
1860,306,0,0,0,-1,0,1
1860,624,1,1,2.638528333,2,1,1
1860,624,0,0,0,-1,0,1
1862,648,1,1,2.640653991,3,0,1
1862,648,0,1,2.617073959,5,0,1
1862,517,1,1,2.639450015,3,0,1
1862,517,0,1,1.751645693,65,0,1
1862,306,1,1,2.639219421,3,0,1
1862,306,0,0,0,-1,0,1
1862,624,1,1,2.638505157,2,1,1
1862,624,0,0,0,-1,0,1
1864,648,1,1,2.640661373,3,0,1
1864,648,0,1,2.617063986,5,0,1
1864,517,1,1,2.639454946,3,0,1
1864,517,0,1,1.751222583,70,0,1
1864,306,1,1,2.639233713,3,0,1
1864,306,0,0,0,-1,0,1
1864,624,1,1,2.638495787,2,1,1
1864,624,0,0,0,-1,0,1
1866,648,1,1,2.640639501,3,0,1
1866,648,0,1,2.617044084,5,0,1
1866,517,1,1,2.639434706,3,0,1
1866,517,0,1,1.751788723,65,0,1
1866,306,1,1,2.63921817,3,0,1
1866,306,0,0,0,-1,0,1
1866,624,1,1,2.638529815,2,1,1
1866,624,0,0,0,-1,0,1
1868,648,1,1,2.640651916,3,0,1
1868,648,0,1,2.617228959,4,0,1
1868,517,1,1,2.639447078,3,0,1
1868,517,0,1,1.751845562,65,0,1
1868,306,1,1,2.639230748,3,0,1
1868,306,0,0,0,-1,0,1
1868,624,1,1,2.638516211,2,1,1
1868,624,0,0,0,-1,0,1
1870,648,1,1,2.640656298,3,0,1
1870,648,0,1,2.61719192,4,0,1
1870,517,1,1,2.63944992,3,0,1
1870,517,0,1,1.751803756,65,0,1
1870,306,1,1,2.63923324,3,0,1
1870,306,0,0,0,-1,0,1
1870,624,1,1,2.638527053,2,1,1
1870,624,0,0,0,-1,0,1
1872,648,1,1,2.640642564,3,0,1
1872,648,0,1,2.617198967,4,0,1
1872,517,1,1,2.639435023,3,0,1
1872,517,0,1,1.751727697,65,0,1
1872,306,1,1,2.639217224,3,0,1
1872,306,0,0,0,-1,0,1
1872,624,1,1,2.638536831,2,1,1
1872,624,0,0,0,-1,0,1
1874,648,1,1,2.640655573,3,0,1
1874,648,0,1,2.61705687,5,0,1
1874,517,1,1,2.639447165,3,0,1
1874,517,0,1,1.751695281,65,0,1
1874,306,1,1,2.639229701,3,0,1
1874,306,0,0,0,-1,0,1
1874,624,1,1,2.638523171,2,1,1
1874,624,0,0,0,-1,0,1
1876,648,1,1,2.640650644,3,0,1
1876,648,0,1,2.617060482,5,0,1
1876,517,1,1,2.639443021,3,0,1
1876,517,0,1,1.751744073,65,0,1
1876,306,1,1,2.63922665,3,0,1
1876,306,0,0,0,-1,0,1
1876,624,1,1,2.63853154,2,1,1
1876,624,0,0,0,-1,0,1
1878,648,1,1,2.640640844,3,0,1
1878,648,0,1,2.617040062,5,0,1
1878,517,1,1,2.639434434,3,0,1
1878,517,0,1,1.75181197,65,0,1
1878,306,1,1,2.639218348,3,0,1
1878,306,0,0,0,-1,0,1
1878,624,1,1,2.638530483,2,1,1
1878,624,0,0,0,-1,0,1
1879,670,1,1,2.638152885,0,1,1
1879,670,0,0,0,-1,0,1
1879,648,1,1,2.637186164,3,0,1
1879,648,0,1,2.613665024,4,0,1
1879,517,1,1,2.635991389,3,0,1
1879,517,0,1,1.748024519,65,0,1
1879,306,1,1,2.635764696,3,0,1
1879,306,0,0,0,-1,0,1
1881,624,1,1,2.638163929,0,1,1
1881,624,0,0,0,-1,0,1
1881,648,1,1,2.636847093,3,0,1
1881,648,0,1,2.613327878,4,0,1
1881,517,1,1,2.635656005,3,0,1
1881,517,0,1,1.747651708,65,0,1
1881,306,1,1,2.635422944,3,0,1
1881,306,0,0,0,-1,0,1
1883,648,1,1,2.640052271,3,0,1
1883,648,0,1,2.616481386,4,0,1
1883,517,1,1,2.638851165,3,0,1
1883,517,0,1,1.749346514,65,0,1
1883,306,1,1,2.638602609,3,0,1
1883,306,0,0,0,-1,0,1
1883,737,1,1,2.63815587,2,1,1
1883,737,0,0,0,-1,0,1
1885,648,1,1,2.639882803,3,0,1
1885,648,0,1,2.616447385,4,0,1
1885,517,1,1,2.638687237,3,0,1
1885,517,0,1,1.750386802,65,0,1
1885,306,1,1,2.638440494,3,0,1
1885,306,0,0,0,-1,0,1
1885,639,1,1,2.638133078,1,1,1
1885,639,0,0,0,-1,0,1
1887,648,1,1,2.640070945,3,0,1
1887,648,0,1,2.616619972,4,0,1
1887,517,1,1,2.638887616,3,0,1
1887,517,0,1,1.749264591,65,0,1
1887,306,1,1,2.638620695,3,0,1
1887,306,0,0,0,-1,0,1
1887,603,1,1,2.638176205,0,1,1
1887,603,0,0,0,-1,0,1
1889,648,1,1,2.640079389,3,0,1
1889,648,0,1,2.616606749,4,0,1
1889,517,1,1,2.638892387,3,0,1
1889,517,0,1,1.749243798,65,0,1
1889,306,1,1,2.638624347,3,0,1
1889,306,0,0,0,-1,0,1
1889,603,1,1,2.638151561,0,1,1
1889,603,0,0,0,-1,0,1
1891,648,1,1,2.640065458,3,0,1
1891,648,0,1,2.616551624,4,0,1
1891,517,1,1,2.638877564,3,0,1
1891,517,0,1,1.749157227,65,0,1
1891,306,1,1,2.638611971,3,0,1
1891,306,0,0,0,-1,0,1
1891,603,1,1,2.638153624,0,1,1
1891,603,0,0,0,-1,0,1
1893,648,1,1,2.640059542,3,0,1
1893,648,0,1,2.61654933,4,0,1
1893,517,1,1,2.638877266,3,0,1
1893,517,0,1,1.749300964,65,0,1
1893,306,1,1,2.638602093,3,0,1
1893,306,0,0,0,-1,0,1
1893,603,1,1,2.638153792,1,1,1
1893,603,0,0,0,-1,0,1
1895,648,1,1,2.640064242,3,0,1
1895,648,0,1,2.616579393,4,0,1
1895,517,1,1,2.638880052,3,0,1
1895,517,0,1,1.749218859,65,0,1
1895,306,1,1,2.638610286,3,0,1
1895,306,0,0,0,-1,0,1
1895,603,1,1,2.638171617,0,1,1
1895,603,0,0,0,-1,0,1
1897,648,1,1,2.639456412,3,0,1
1897,648,0,1,2.615988247,4,0,1
1897,517,1,1,2.63822504,3,0,1
1897,517,0,1,1.748857381,65,0,1
1897,631,1,1,2.638159765,1,1,1
1897,631,0,0,0,-1,0,1
1897,306,1,1,2.638006985,3,0,1
1897,306,0,0,0,-1,0,1
1898,648,1,1,2.636851306,3,0,1
1898,648,0,1,2.613213557,5,0,1
1898,517,1,1,2.635655711,3,0,1
1898,517,0,1,1.747681058,65,0,1
1898,306,1,1,2.63542011,3,0,1
1898,306,0,0,0,-1,0,1
1898,93,0,1,2.634725264,1,1,1
1898,93,1,1,1.22189027,72,0,1
1900,648,1,1,2.636843484,3,0,1
1900,648,0,1,2.613301738,4,0,1
1900,517,1,1,2.635652522,3,0,1
1900,517,0,1,1.747673128,65,0,1
1900,306,1,1,2.635419198,3,0,1
1900,306,0,0,0,-1,0,1
1900,93,0,1,2.634695305,1,1,1
1900,93,1,1,1.221931296,72,0,1
1902,648,1,1,2.636852731,3,0,1
1902,648,0,1,2.61332811,4,0,1
1902,517,1,1,2.635656128,3,0,1
1902,517,0,1,1.747583766,65,0,1
1902,306,1,1,2.635440189,3,0,1
1902,306,0,0,0,-1,0,1
1902,93,0,1,2.634745617,1,1,1
1902,93,1,1,1.22189134,72,0,1
1904,648,1,1,2.636850974,3,0,1
1904,648,0,1,2.613332738,4,0,1
1904,517,1,1,2.635658661,3,0,1
1904,517,0,1,1.747624202,65,0,1
1904,306,1,1,2.635438142,3,0,1
1904,306,0,0,0,-1,0,1
1904,93,0,1,2.63473985,1,1,1
1904,93,1,1,1.221816545,72,0,1
1906,648,1,1,2.636844154,3,0,1
1906,648,0,1,2.61332562,4,0,1
1906,517,1,1,2.635654232,3,0,1
1906,517,0,1,1.747702955,65,0,1
1906,306,1,1,2.635432028,3,0,1
1906,306,0,0,0,-1,0,1
1906,93,0,1,2.634736149,1,1,1
1906,93,1,1,1.221807036,72,0,1
1908,648,1,1,2.636847544,3,0,1
1908,648,0,1,2.61329757,4,0,1
1908,517,1,1,2.63565278,3,0,1
1908,517,0,1,1.747678223,65,0,1
1908,306,1,1,2.635441421,3,0,1
1908,306,0,0,0,-1,0,1
1908,93,0,1,2.634738501,1,1,1
1908,93,1,1,1.221810223,72,0,1
1910,648,1,1,2.636860277,3,0,1
1910,648,0,1,2.613313805,4,0,1
1910,517,1,1,2.635664752,3,0,1
1910,517,0,1,1.747628655,65,0,1
1910,306,1,1,2.635449402,3,0,1
1910,306,0,0,0,-1,0,1
1910,93,0,1,2.634736719,1,1,1
1910,93,1,1,1.221806132,72,0,1
1912,648,1,1,2.636844211,3,0,1
1912,648,0,1,2.613308092,4,0,1
1912,517,1,1,2.635649231,3,0,1
1912,517,0,1,1.747628545,65,0,1
1912,306,1,1,2.635431167,3,0,1
1912,306,0,0,0,-1,0,1
1912,93,0,1,2.634743392,1,1,1
1912,93,1,1,1.221813177,72,0,1
1914,648,1,1,2.636840147,3,0,1
1914,648,0,1,2.613291542,4,0,1
1914,517,1,1,2.635646866,3,0,1
1914,517,0,1,1.74764875,65,0,1
1914,306,1,1,2.635430883,3,0,1
1914,306,0,0,0,-1,0,1
1914,93,0,1,2.634738548,1,1,1
1914,93,1,1,1.221821489,72,0,1
1916,648,1,1,2.636847678,3,0,1
1916,648,0,1,2.613318959,4,0,1
1916,517,1,1,2.635654705,3,0,1
1916,517,0,1,1.747683946,65,0,1
1916,306,1,1,2.635436017,3,0,1
1916,306,0,0,0,-1,0,1
1916,93,0,1,2.634734457,1,1,1
1916,93,1,1,1.221827971,72,0,1
1917,648,1,1,2.633424947,3,0,1
1917,648,0,1,2.610026084,4,0,1
1917,517,1,1,2.632238482,3,0,1
1917,517,0,1,1.74427442,65,0,1
1917,306,1,1,2.632036539,3,0,1
1917,306,0,0,0,-1,0,1
1917,728,1,1,2.631764431,1,1,1
1917,728,0,0,0,-1,0,1
1919,648,1,1,2.632920791,3,0,1
1919,648,0,1,2.609522386,4,0,1
1919,93,0,1,2.63172474,1,1,1
1919,93,1,1,1.206047297,83,0,1
1919,517,1,1,2.63174413,3,0,1
1919,517,0,1,1.737596605,65,0,1
1919,306,1,1,2.631510347,3,0,1
1919,306,0,0,0,-1,0,1
1921,648,1,1,2.633635685,3,0,1
1921,648,0,1,2.610160792,4,0,1
1921,517,1,1,2.632462905,3,0,1
1921,517,0,1,1.73777372,65,0,1
1921,306,1,1,2.632217807,3,0,1
1921,306,0,0,0,-1,0,1
1921,737,1,1,2.631744412,1,1,1
1921,737,0,0,0,-1,0,1
1923,648,1,1,2.633632148,3,0,1
1923,648,0,1,2.610314588,4,0,1
1923,517,1,1,2.632478667,3,0,1
1923,517,0,1,1.737602595,65,0,1
1923,306,1,1,2.63220465,3,0,1
1923,306,0,0,0,-1,0,1
1923,603,1,1,2.631771718,0,1,1
1923,603,0,0,0,-1,0,1
1925,648,1,1,2.63330042,3,0,1
1925,648,0,1,2.609943213,4,0,1
1925,517,1,1,2.632144548,3,0,1
1925,517,0,1,1.737916389,65,0,1
1925,306,1,1,2.631893166,3,0,1
1925,306,0,0,0,-1,0,1
1925,943,0,1,2.631773017,1,1,1
1925,943,1,0,0,-1,0,1
1927,648,1,1,2.633644691,3,0,1
1927,648,0,1,2.610219186,4,0,1
1927,517,1,1,2.632478028,3,0,1
1927,517,0,1,1.737781843,65,0,1
1927,306,1,1,2.632219309,3,0,1
1927,306,0,0,0,-1,0,1
1927,737,1,1,2.631745539,1,1,1
1927,737,0,0,0,-1,0,1
1929,648,1,1,2.633643005,3,0,1
1929,648,0,1,2.610284938,4,0,1
1929,517,1,1,2.632486424,3,0,1
1929,517,0,1,1.737549561,65,0,1
1929,306,1,1,2.632212152,3,0,1
1929,306,0,0,0,-1,0,1
1929,603,1,1,2.631737652,0,1,1
1929,603,0,0,0,-1,0,1
1931,648,1,1,2.633643886,3,0,1
1931,648,0,1,2.610297184,4,0,1
1931,517,1,1,2.632495372,3,0,1
1931,517,0,1,1.738574116,68,0,1
1931,306,1,1,2.63221097,3,0,1
1931,306,0,0,0,-1,0,1
1931,603,1,1,2.631769536,0,1,1
1931,603,0,0,0,-1,0,1
1933,648,1,1,2.633641489,3,0,1
1933,648,0,1,2.6103088,4,0,1
1933,517,1,1,2.632491759,3,0,1
1933,517,0,1,1.737656444,65,0,1
1933,306,1,1,2.632212155,3,0,1
1933,306,0,0,0,-1,0,1
1933,603,1,1,2.631752554,0,1,1
1933,603,0,0,0,-1,0,1
1935,648,1,1,2.633651995,3,0,1
1935,648,0,1,2.610324416,4,0,1
1935,517,1,1,2.632497816,3,0,1
1935,517,0,1,1.737602855,65,0,1
1935,306,1,1,2.632216814,3,0,1
1935,306,0,0,0,-1,0,1
1935,603,1,1,2.631737126,0,1,1
1935,603,0,0,0,-1,0,1
1936,648,1,1,2.630461267,3,0,1
1936,648,0,1,2.606961423,5,0,1
1936,517,1,1,2.629301019,3,0,1
1936,517,0,1,1.736161961,65,0,1
1936,306,1,1,2.629061984,3,0,1
1936,306,0,0,0,-1,0,1
1936,527,0,1,2.628194507,1,1,1
1936,527,1,0,0,-1,0,1
1938,648,1,1,2.630445226,3,0,1
1938,648,0,1,2.607095114,4,0,1
1938,517,1,1,2.629292054,3,0,1
1938,517,0,1,1.737131085,68,0,1
1938,306,1,1,2.629057533,3,0,1
1938,306,0,0,0,-1,0,1
1938,527,0,1,2.628173058,1,1,1
1938,527,1,0,0,-1,0,1
1940,648,1,1,2.630444284,3,0,1
1940,648,0,1,2.607071381,4,0,1
1940,517,1,1,2.629285768,3,0,1
1940,517,0,1,1.73600424,65,0,1
1940,306,1,1,2.629054317,3,0,1
1940,306,0,0,0,-1,0,1
1940,527,0,1,2.628215538,1,1,1
1940,527,1,0,0,-1,0,1
1942,648,1,1,2.630434312,3,0,1
1942,648,0,1,2.607028585,4,0,1
1942,517,1,1,2.62927846,3,0,1
1942,517,0,1,1.736081642,65,0,1
1942,306,1,1,2.629047175,3,0,1
1942,306,0,0,0,-1,0,1
1942,527,0,1,2.628196665,1,1,1
1942,527,1,0,0,-1,0,1
1944,648,1,1,2.630456891,3,0,1
1944,648,0,1,2.607082963,4,0,1
1944,517,1,1,2.629302567,3,0,1
1944,517,0,1,1.736140242,65,0,1
1944,306,1,1,2.629074446,3,0,1
1944,306,0,0,0,-1,0,1
1944,527,0,1,2.628206136,1,1,1
1944,527,1,0,0,-1,0,1
1946,648,1,1,2.630445035,3,0,1
1946,648,0,1,2.607094976,4,0,1
1946,517,1,1,2.629285737,3,0,1
1946,517,0,1,1.736128234,65,0,1
1946,306,1,1,2.629060305,3,0,1
1946,306,0,0,0,-1,0,1
1946,527,0,1,2.62819827,1,1,1
1946,527,1,0,0,-1,0,1
1948,648,1,1,2.63045583,3,0,1
1948,648,0,1,2.607061532,4,0,1
1948,517,1,1,2.629296488,3,0,1
1948,517,0,1,1.736045905,65,0,1
1948,306,1,1,2.629066796,3,0,1
1948,306,0,0,0,-1,0,1
1948,527,0,1,2.628195194,1,1,1
1948,527,1,0,0,-1,0,1
1950,648,1,1,2.630442046,3,0,1
1950,648,0,1,2.607062977,4,0,1
1950,517,1,1,2.62928407,3,0,1
1950,517,0,1,1.736032099,65,0,1
1950,306,1,1,2.62905315,3,0,1
1950,306,0,0,0,-1,0,1
1950,527,0,1,2.628198153,1,1,1
1950,527,1,0,0,-1,0,1
1952,648,1,1,2.630451028,3,0,1
1952,648,0,1,2.607058735,4,0,1
1952,517,1,1,2.62929484,3,0,1
1952,517,0,1,1.736111005,65,0,1
1952,306,1,1,2.629060019,3,0,1
1952,306,0,0,0,-1,0,1
1952,527,0,1,2.628186026,1,1,1
1952,527,1,0,0,-1,0,1
1954,648,1,1,2.630454757,3,0,1
1954,648,0,1,2.60707318,4,0,1
1954,517,1,1,2.629299715,3,0,1
1954,517,0,1,1.736149735,65,0,1
1954,306,1,1,2.629068833,3,0,1
1954,306,0,0,0,-1,0,1
1954,527,0,1,2.628196609,1,1,1
1954,527,1,0,0,-1,0,1
1955,648,1,1,2.62689127,3,0,1
1955,648,0,1,2.603522926,4,0,1
1955,517,1,1,2.625725148,3,0,1
1955,517,0,1,1.732034772,65,0,1
1955,306,1,1,2.625512934,3,0,1
1955,306,0,0,0,-1,0,1
1955,877,1,1,2.62460005,2,1,1
1955,877,0,1,0.8893749829,95,0,1
1957,648,1,1,2.626889783,3,0,1
1957,648,0,1,2.603545493,4,0,1
1957,517,1,1,2.625734475,3,0,1
1957,517,0,1,1.732072943,65,0,1
1957,306,1,1,2.625519953,3,0,1
1957,306,0,0,0,-1,0,1
1957,937,1,1,2.624606484,1,1,1
1957,937,0,0,0,-1,0,1
1959,648,1,1,2.627397308,3,0,1
1959,648,0,1,2.603512277,4,0,1
1959,517,1,1,2.625713562,3,0,1
1959,517,0,1,1.733549449,65,0,1
1959,306,1,1,2.625495862,3,0,1
1959,306,0,0,0,-1,0,1
1959,614,0,1,2.625113206,2,1,1
1959,614,1,0,0,-1,0,1
1961,648,1,1,2.626613344,0,1,1
1961,648,0,1,2.601952222,4,0,1
1961,689,0,1,2.625763606,0,0,1
1961,689,1,0,0,-1,0,1
1961,937,1,1,2.625099351,0,0,1
1961,937,0,0,0,-1,0,1
1961,517,1,1,2.624144259,3,0,1
1961,517,0,1,1.732524416,65,0,1
1963,689,0,1,2.628922145,0,1,1
1963,689,1,0,0,-1,0,1
1963,937,1,1,2.628274841,0,0,1
1963,937,0,0,0,-1,0,1
1963,517,1,1,2.627336278,3,0,1
1963,517,0,1,1.733986529,65,0,1
1963,306,1,1,2.627082762,3,0,1
1963,306,0,0,0,-1,0,1
1965,937,1,1,2.629760681,0,1,1
1965,937,0,0,0,-1,0,1
1965,424,1,1,2.628936284,1,0,1
1965,424,0,0,0,-1,0,1
1965,517,1,1,2.628805456,3,0,1
1965,517,0,1,1.734960626,65,0,1
1965,306,1,1,2.628498814,3,0,1
1965,306,0,0,0,-1,0,1
1967,424,1,1,2.630602249,1,1,1
1967,424,0,0,0,-1,0,1
1967,517,1,1,2.630488773,3,0,1
1967,517,0,1,1.735592447,65,0,1
1967,306,1,1,2.630141693,3,0,1
1967,306,0,0,0,-1,0,1
1967,737,1,1,2.629781476,2,0,1
1967,737,0,0,0,-1,0,1
1969,517,1,1,2.630884611,3,0,1
1969,517,0,1,1.736104818,65,0,1
1969,418,1,1,2.630579253,1,1,1
1969,418,0,1,-0.6165044979,175,0,1
1969,306,1,1,2.630513148,3,0,1
1969,306,0,0,0,-1,0,1
1969,737,1,1,2.630161266,1,0,1
1969,737,0,0,0,-1,0,1
1971,517,1,1,2.631168349,3,0,1
1971,517,0,1,1.736112469,65,0,1
1971,306,1,1,2.630894297,3,0,1
1971,306,0,0,0,-1,0,1
1971,38,1,1,2.63056479,0,1,1
1971,38,0,0,0,-1,0,1
1971,737,1,1,2.630500738,1,0,1
1971,737,0,0,0,-1,0,1
1973,517,1,1,2.631162389,3,0,1
1973,517,0,1,1.736033681,65,0,1
1973,306,1,1,2.630880774,3,0,1
1973,306,0,0,0,-1,0,1
1973,38,1,1,2.630586313,0,1,1
1973,38,0,0,0,-1,0,1
1973,737,1,1,2.630503366,1,0,1
1973,737,0,0,0,-1,0,1
1974,517,1,1,2.628154804,3,0,1
1974,517,0,1,1.734086343,65,0,1
1974,306,1,1,2.627830571,3,0,1
1974,306,0,0,0,-1,0,1
1974,737,1,1,2.627425343,2,0,1
1974,737,0,0,0,-1,0,1
1974,603,1,1,2.6273617,0,1,1
1974,603,0,0,0,-1,0,1
1976,517,1,1,2.628137966,3,0,1
1976,517,0,1,1.733971179,65,0,1
1976,306,1,1,2.627823086,3,0,1
1976,306,0,0,0,-1,0,1
1976,737,1,1,2.627417508,2,0,1
1976,737,0,0,0,-1,0,1
1976,603,1,1,2.627380886,1,1,1
1976,603,0,0,0,-1,0,1
1978,517,1,1,2.628138754,3,0,1
1978,517,0,1,1.73498736,68,0,1
1978,306,1,1,2.627824788,3,0,1
1978,306,0,0,0,-1,0,1
1978,737,1,1,2.627424943,2,0,1
1978,737,0,0,0,-1,0,1
1978,603,1,1,2.627374701,0,1,1
1978,603,0,0,0,-1,0,1
1980,517,1,1,2.628118742,3,0,1
1980,517,0,1,1.734123626,65,0,1
1980,306,1,1,2.627802712,3,0,1
1980,306,0,0,0,-1,0,1
1980,737,1,1,2.627434202,1,0,1
1980,737,0,0,0,-1,0,1
1980,603,1,1,2.627354427,0,1,1
1980,603,0,0,0,-1,0,1
1982,517,1,1,2.628132537,3,0,1
1982,517,0,1,1.733968714,65,0,1
1982,306,1,1,2.627825461,3,0,1
1982,306,0,0,0,-1,0,1
1982,737,1,1,2.627430336,1,0,1
1982,737,0,0,0,-1,0,1
1982,603,1,1,2.62731903,0,1,1
1982,603,0,0,0,-1,0,1
1984,517,1,1,2.628106143,3,0,1
1984,517,0,1,1.733942978,65,0,1
1984,306,1,1,2.627784531,3,0,1
1984,306,0,0,0,-1,0,1
1984,737,1,1,2.62741254,2,0,1
1984,737,0,0,0,-1,0,1
1984,603,1,1,2.627366373,0,1,1
1984,603,0,0,0,-1,0,1
1986,517,1,1,2.628107196,3,0,1
1986,517,0,1,1.734091574,65,0,1
1986,306,1,1,2.627787357,3,0,1
1986,306,0,0,0,-1,0,1
1986,737,1,1,2.627373887,1,0,1
1986,737,0,0,0,-1,0,1
1986,603,1,1,2.627358847,0,1,1
1986,603,0,0,0,-1,0,1
1988,517,1,1,2.628154036,3,0,1
1988,517,0,1,1.734036974,65,0,1
1988,306,1,1,2.627847119,3,0,1
1988,306,0,0,0,-1,0,1
1988,737,1,1,2.627461818,2,0,1
1988,737,0,0,0,-1,0,1
1988,603,1,1,2.627328553,0,1,1
1988,603,0,0,0,-1,0,1
1990,517,1,1,2.628156604,3,0,1
1990,517,0,1,1.733508589,70,0,1
1990,306,1,1,2.627856631,3,0,1
1990,306,0,0,0,-1,0,1
1990,737,1,1,2.627461257,1,1,1
1990,737,0,0,0,-1,0,1
1990,603,1,1,2.627396927,1,0,1
1990,603,0,0,0,-1,0,1
1992,517,1,1,2.628143922,3,0,1
1992,517,0,1,1.734072222,65,0,1
1992,306,1,1,2.627833158,3,0,1
1992,306,0,0,0,-1,0,1
1992,737,1,1,2.627415612,2,0,1
1992,737,0,0,0,-1,0,1
1992,603,1,1,2.627367156,0,1,1
1992,603,0,0,0,-1,0,1
1993,517,1,1,2.624912422,3,0,1
1993,517,0,1,1.732621103,65,0,1
1993,306,1,1,2.624644326,3,0,1
1993,306,0,0,0,-1,0,1
1993,737,1,1,2.624196086,1,1,1
1993,737,0,0,0,-1,0,1
1993,527,0,1,2.623799687,1,0,1
1993,527,1,0,0,-1,0,1
1995,517,1,1,2.625012607,3,0,1
1995,517,0,1,1.731847735,70,0,1
1995,306,1,1,2.624742662,3,0,1
1995,306,0,0,0,-1,0,1
1995,603,1,1,2.62425768,0,1,1
1995,603,0,0,0,-1,0,1
1995,527,0,1,2.62388631,1,0,1
1995,527,1,0,0,-1,0,1
1997,517,1,1,2.625009321,3,0,1
1997,517,0,1,1.732527603,65,0,1
1997,306,1,1,2.624734981,3,0,1
1997,306,0,0,0,-1,0,1
1997,603,1,1,2.62423895,0,1,1
1997,603,0,0,0,-1,0,1
1997,527,0,1,2.623887362,1,0,1
1997,527,1,0,0,-1,0,1
1999,517,1,1,2.625001358,3,0,1
1999,517,0,1,1.732278496,65,0,1
1999,306,1,1,2.624736954,3,0,1
1999,306,0,0,0,-1,0,1
1999,603,1,1,2.624173964,0,1,1
1999,603,0,0,0,-1,0,1
1999,527,0,1,2.623889199,1,0,1
1999,527,1,0,0,-1,0,1
2001,517,1,1,2.62497039,3,0,1
2001,517,0,1,1.731961001,70,0,1
2001,306,1,1,2.624719905,3,0,1
2001,306,0,0,0,-1,0,1
2001,603,1,1,2.624249972,1,1,1
2001,603,0,0,0,-1,0,1
2001,527,0,1,2.623871543,1,0,1
2001,527,1,0,0,-1,0,1
2003,517,1,1,2.62494903,3,0,1
2003,517,0,1,1.732457664,65,0,1
2003,306,1,1,2.624690609,3,0,1
2003,306,0,0,0,-1,0,1
2003,603,1,1,2.624277176,0,1,1
2003,603,0,0,0,-1,0,1
2003,527,0,1,2.623860584,1,0,1
2003,527,1,0,0,-1,0,1
2005,517,1,1,2.625001509,3,0,1
2005,517,0,1,1.732381003,65,0,1
2005,306,1,1,2.624747389,3,0,1
2005,306,0,0,0,-1,0,1
2005,603,1,1,2.624231602,0,1,1
2005,603,0,0,0,-1,0,1
2005,527,0,1,2.623812489,1,0,1
2005,527,1,0,0,-1,0,1
2007,517,1,1,2.625023521,3,0,1
2007,517,0,1,1.731844346,70,0,1
2007,306,1,1,2.62478269,3,0,1
2007,306,0,0,0,-1,0,1
2007,603,1,1,2.624253462,0,1,1
2007,603,0,0,0,-1,0,1
2007,527,0,1,2.623874622,1,0,1
2007,527,1,0,0,-1,0,1
2009,517,1,1,2.624982308,3,0,1
2009,517,0,1,1.732496452,65,0,1
2009,306,1,1,2.624738373,3,0,1
2009,306,0,0,0,-1,0,1
2009,603,1,1,2.624306008,1,1,1
2009,603,0,0,0,-1,0,1
2009,527,0,1,2.623923497,1,0,1
2009,527,1,0,0,-1,0,1
2011,517,1,1,2.624985293,3,0,1
2011,517,0,1,1.732422917,65,0,1
2011,306,1,1,2.62473788,3,0,1
2011,306,0,0,0,-1,0,1
2011,603,1,1,2.62426969,0,1,1
2011,603,0,0,0,-1,0,1
2011,32,0,1,2.623830898,1,0,1
2011,32,1,0,0,-1,0,1
2012,517,1,1,2.62182664,3,0,1
2012,517,0,1,1.730886186,65,0,1
2012,306,1,1,2.621622871,3,0,1
2012,306,0,0,0,-1,0,1
2012,877,1,1,2.620701325,2,0,1
2012,877,0,1,0.8360099105,95,0,1
2012,527,0,1,2.620685152,1,1,1
2012,527,1,0,0,-1,0,1
2014,517,1,1,2.621816272,3,0,1
2014,517,0,1,1.73078126,65,0,1
2014,306,1,1,2.621615885,3,0,1
2014,306,0,0,0,-1,0,1
2014,877,1,1,2.62073667,2,0,1
2014,877,0,1,0.8359581058,95,0,1
2014,527,0,1,2.620746202,1,1,1
2014,527,1,0,0,-1,0,1
2016,517,1,1,2.621801054,3,0,1
2016,517,0,1,1.73083841,65,0,1
2016,306,1,1,2.62159282,3,0,1
2016,306,0,0,0,-1,0,1
2016,877,1,1,2.620713162,2,0,1
2016,877,0,1,0.8360440942,95,0,1
2016,527,0,1,2.620700199,1,1,1
2016,527,1,0,0,-1,0,1
2018,517,1,1,2.621821998,3,0,1
2018,517,0,1,1.730908561,65,0,1
2018,306,1,1,2.621617804,3,0,1
2018,306,0,0,0,-1,0,1
2018,877,1,1,2.620718649,2,0,1
2018,877,0,1,0.8360362195,95,0,1
2018,527,0,1,2.620712252,1,1,1
2018,527,1,0,0,-1,0,1
2020,517,1,1,2.621815792,3,0,1
2020,517,0,1,1.73091129,65,0,1
2020,306,1,1,2.621609986,3,0,1
2020,306,0,0,0,-1,0,1
2020,877,1,1,2.620718717,2,0,1
2020,877,0,1,0.8360068015,95,0,1
2020,527,0,1,2.620722482,1,1,1
2020,527,1,0,0,-1,0,1
2022,517,1,1,2.621813578,3,0,1
2022,517,0,1,1.730861393,65,0,1
2022,306,1,1,2.621609867,3,0,1
2022,306,0,0,0,-1,0,1
2022,877,1,1,2.620723997,2,0,1
2022,877,0,1,0.8360226703,95,0,1
2022,527,0,1,2.620711071,1,1,1
2022,527,1,0,0,-1,0,1
2024,517,1,1,2.621811753,3,0,1
2024,517,0,1,1.730825551,65,0,1
2024,306,1,1,2.621607623,3,0,1
2024,306,0,0,0,-1,0,1
2024,877,1,1,2.620716833,2,0,1
2024,877,0,1,0.8360261429,95,0,1
2024,527,0,1,2.62071854,1,1,1
2024,527,1,0,0,-1,0,1
2026,517,1,1,2.621807686,3,0,1
2026,517,0,1,1.730861671,65,0,1
2026,306,1,1,2.621601926,3,0,1
2026,306,0,0,0,-1,0,1
2026,877,1,1,2.620730875,2,0,1
2026,877,0,1,0.8360041286,95,0,1
2026,527,0,1,2.620708749,1,1,1
2026,527,1,0,0,-1,0,1
2028,517,1,1,2.621821814,3,0,1
2028,517,0,1,1.730920599,65,0,1
2028,306,1,1,2.62161169,3,0,1
2028,306,0,0,0,-1,0,1
2028,877,1,1,2.620718453,2,0,1
2028,877,0,1,0.8360194547,95,0,1
2028,527,0,1,2.620711504,1,1,1
2028,527,1,0,0,-1,0,1
2030,517,1,1,2.621816561,3,0,1
2030,517,0,1,1.730903597,65,0,1
2030,306,1,1,2.621608196,3,0,1
2030,306,0,0,0,-1,0,1
2030,877,1,1,2.620720551,2,0,1
2030,877,0,1,0.8360263188,95,0,1
2030,527,0,1,2.620714098,1,1,1
2030,527,1,0,0,-1,0,1
2031,517,1,1,2.618263693,3,0,1
2031,517,0,1,1.726884033,65,0,1
2031,306,1,1,2.618071389,3,0,1
2031,306,0,0,0,-1,0,1
2031,877,1,1,2.617197504,2,0,1
2031,877,0,1,0.8352821206,95,0,1
2031,32,0,1,2.617142913,1,1,1
2031,32,1,0,0,-1,0,1
2033,517,1,1,2.618264998,3,0,1
2033,517,0,1,1.726933275,65,0,1
2033,306,1,1,2.618075436,3,0,1
2033,306,0,0,0,-1,0,1
2033,877,1,1,2.617199351,2,0,1
2033,877,0,1,0.8352706802,95,0,1
2033,241,1,1,2.617150724,1,1,1
2033,241,0,0,0,-1,0,1
2035,517,1,1,2.618270779,3,0,1
2035,517,0,1,1.72687832,65,0,1
2035,306,1,1,2.618082036,3,0,1
2035,306,0,0,0,-1,0,1
2035,877,1,1,2.617235721,2,0,1
2035,877,0,1,0.835311298,95,0,1
2035,241,1,1,2.617117639,1,1,1
2035,241,0,0,0,-1,0,1
2037,517,1,1,2.618150506,3,0,1
2037,517,0,1,1.727354296,65,0,1
2037,306,1,1,2.617945574,3,0,1
2037,306,0,0,0,-1,0,1
2037,527,0,1,2.617155065,1,1,1
2037,527,1,0,0,-1,0,1
2037,877,1,1,2.617058096,2,0,1
2037,877,0,1,0.8359254983,95,0,1
2039,517,1,1,2.618274119,3,0,1
2039,517,0,1,1.726854173,65,0,1
2039,306,1,1,2.618074278,3,0,1
2039,306,0,0,0,-1,0,1
2039,877,1,1,2.617215857,2,0,1
2039,877,0,1,0.8352821014,95,0,1
2039,241,1,1,2.617156141,1,1,1
2039,241,0,0,0,-1,0,1
2041,517,1,1,2.618283402,3,0,1
2041,517,0,1,1.72694405,65,0,1
2041,306,1,1,2.618085353,3,0,1
2041,306,0,0,0,-1,0,1
2041,877,1,1,2.617214824,2,0,1
2041,877,0,1,0.835329455,95,0,1
2041,241,1,1,2.617132695,1,1,1
2041,241,0,0,0,-1,0,1
2043,517,1,1,2.618272907,3,0,1
2043,517,0,1,1.726915865,65,0,1
2043,306,1,1,2.618078245,3,0,1
2043,306,0,0,0,-1,0,1
2043,877,1,1,2.617226151,2,0,1
2043,877,0,1,0.83530756,95,0,1
2043,241,1,1,2.617124109,1,1,1
2043,241,0,0,0,-1,0,1
2045,517,1,1,2.618282805,3,0,1
2045,517,0,1,1.727881572,68,0,1
2045,306,1,1,2.618085673,3,0,1
2045,306,0,0,0,-1,0,1
2045,877,1,1,2.617218174,2,0,1
2045,877,0,1,0.8352853639,95,0,1
2045,241,1,1,2.617114177,1,1,1
2045,241,0,0,0,-1,0,1
2047,517,1,1,2.618284233,3,0,1
2047,517,0,1,1.726819362,65,0,1
2047,306,1,1,2.61808081,3,0,1
2047,306,0,0,0,-1,0,1
2047,877,1,1,2.617210195,2,0,1
2047,877,0,1,0.8353186141,95,0,1
2047,241,1,1,2.617130959,1,1,1
2047,241,0,0,0,-1,0,1
2049,517,1,1,2.618288087,3,0,1
2049,517,0,1,1.726889487,65,0,1
2049,306,1,1,2.618085279,3,0,1
2049,306,0,0,0,-1,0,1
2049,877,1,1,2.617207397,2,0,1
2049,877,0,1,0.8353007285,95,0,1
2049,241,1,1,2.617125559,1,1,1
2049,241,0,0,0,-1,0,1
2050,517,1,1,2.614728297,3,0,1
2050,517,0,1,1.723515742,65,0,1
2050,306,1,1,2.614533645,3,0,1
2050,306,0,0,0,-1,0,1
2050,877,1,1,2.613630424,2,0,1
2050,877,0,1,0.8351318862,95,0,1
2050,32,0,1,2.613570494,1,1,1
2050,32,1,0,0,-1,0,1
2052,517,1,1,2.614719771,3,0,1
2052,517,0,1,1.723545707,65,0,1
2052,306,1,1,2.614526378,3,0,1
2052,306,0,0,0,-1,0,1
2052,877,1,1,2.613645927,2,0,1
2052,877,0,1,0.8351517743,95,0,1
2052,32,0,1,2.613572148,1,1,1
2052,32,1,0,0,-1,0,1
2054,517,1,1,2.614714813,3,0,1
2054,517,0,1,1.723583748,65,0,1
2054,306,1,1,2.614524105,3,0,1
2054,306,0,0,0,-1,0,1
2054,877,1,1,2.61365852,2,0,1
2054,877,0,1,0.8351729779,95,0,1
2054,32,0,1,2.613572504,1,1,1
2054,32,1,0,0,-1,0,1
2056,517,1,1,2.614716891,3,0,1
2056,517,0,1,1.723583267,65,0,1
2056,306,1,1,2.614525262,3,0,1
2056,306,0,0,0,-1,0,1
2056,877,1,1,2.613667909,2,0,1
2056,877,0,1,0.8351685381,95,0,1
2056,32,0,1,2.613572589,1,1,1
2056,32,1,0,0,-1,0,1
2058,517,1,1,2.61471992,3,0,1
2058,517,0,1,1.723546974,65,0,1
2058,306,1,1,2.614532125,3,0,1
2058,306,0,0,0,-1,0,1
2058,877,1,1,2.613658649,2,0,1
2058,877,0,1,0.8351662636,95,0,1
2058,32,0,1,2.613577857,1,1,1
2058,32,1,0,0,-1,0,1
2060,517,1,1,2.614724576,3,0,1
2060,517,0,1,1.723537656,65,0,1
2060,306,1,1,2.614536673,3,0,1
2060,306,0,0,0,-1,0,1
2060,877,1,1,2.613647373,2,0,1
2060,877,0,1,0.8351585454,95,0,1
2060,32,0,1,2.613585747,1,1,1
2060,32,1,0,0,-1,0,1
2062,517,1,1,2.614731851,3,0,1
2062,517,0,1,1.723565204,65,0,1
2062,306,1,1,2.614543857,3,0,1
2062,306,0,0,0,-1,0,1
2062,877,1,1,2.613644982,2,0,1
2062,877,0,1,0.8351349064,95,0,1
2062,32,0,1,2.613599308,1,1,1
2062,32,1,0,0,-1,0,1
2064,517,1,1,2.614736365,3,0,1
2064,517,0,1,1.723585842,65,0,1
2064,306,1,1,2.614547315,3,0,1
2064,306,0,0,0,-1,0,1
2064,877,1,1,2.613641168,2,0,1
2064,877,0,1,0.8351435814,95,0,1
2064,32,0,1,2.613607466,1,1,1
2064,32,1,0,0,-1,0,1
2066,517,1,1,2.61474113,3,0,1
2066,517,0,1,1.723571169,65,0,1
2066,306,1,1,2.614552195,3,0,1
2066,306,0,0,0,-1,0,1
2066,877,1,1,2.613640305,2,0,1
2066,877,0,1,0.8351435781,95,0,1
2066,32,0,1,2.613608871,1,1,1
2066,32,1,0,0,-1,0,1
2068,517,1,1,2.614748343,3,0,1
2068,517,0,1,1.723547327,65,0,1
2068,306,1,1,2.614558687,3,0,1
2068,306,0,0,0,-1,0,1
2068,877,1,1,2.613631901,2,0,1
2068,877,0,1,0.8351492174,95,0,1
2068,32,0,1,2.613614553,1,1,1
2068,32,1,0,0,-1,0,1
2069,517,1,1,2.611253434,3,0,1
2069,517,0,1,1.721417671,65,0,1
2069,306,1,1,2.611007255,3,0,1
2069,306,0,0,0,-1,0,1
2069,877,1,1,2.610052972,2,0,1
2069,877,0,1,0.7706683317,95,0,1
2069,444,0,1,2.609996058,1,1,1
2069,444,1,0,0,-1,0,1
2071,517,1,1,2.611242586,3,0,1
2071,517,0,1,1.721431289,65,0,1
2071,306,1,1,2.611002828,3,0,1
2071,306,0,0,0,-1,0,1
2071,877,1,1,2.610067176,2,0,1
2071,877,0,1,0.7706453718,95,0,1
2071,444,0,1,2.610003992,1,1,1
2071,444,1,0,0,-1,0,1
2073,517,1,1,2.611237679,3,0,1
2073,517,0,1,1.721413152,65,0,1
2073,306,1,1,2.611001226,3,0,1
2073,306,0,0,0,-1,0,1
2073,877,1,1,2.610080122,2,0,1
2073,877,0,1,0.7706876058,95,0,1
2073,444,0,1,2.609990341,1,1,1
2073,444,1,0,0,-1,0,1
2075,517,1,1,2.61123278,3,0,1
2075,517,0,1,1.721390013,65,0,1
2075,306,1,1,2.611003171,3,0,1
2075,306,0,0,0,-1,0,1
2075,877,1,1,2.610083193,2,0,1
2075,877,0,1,0.7706708892,95,0,1
2075,444,0,1,2.609989118,1,1,1
2075,444,1,0,0,-1,0,1
2077,517,1,1,2.611231274,3,0,1
2077,517,0,1,1.721408858,65,0,1
2077,306,1,1,2.611003892,3,0,1
2077,306,0,0,0,-1,0,1
2077,877,1,1,2.610083953,2,0,1
2077,877,0,1,0.7706676498,95,0,1
2077,444,0,1,2.609986818,1,1,1
2077,444,1,0,0,-1,0,1
2079,517,1,1,2.611234543,3,0,1
2079,517,0,1,1.721432323,65,0,1
2079,306,1,1,2.611008731,3,0,1
2079,306,0,0,0,-1,0,1
2079,877,1,1,2.610085867,2,0,1
2079,877,0,1,0.7706760999,95,0,1
2079,444,0,1,2.609985486,1,1,1
2079,444,1,0,0,-1,0,1
2081,517,1,1,2.611232988,3,0,1
2081,517,0,1,1.721422847,65,0,1
2081,306,1,1,2.611008107,3,0,1
2081,306,0,0,0,-1,0,1
2081,877,1,1,2.610089007,2,0,1
2081,877,0,1,0.7706674716,95,0,1
2081,444,0,1,2.609984102,1,1,1
2081,444,1,0,0,-1,0,1
2083,517,1,1,2.611231455,3,0,1
2083,517,0,1,1.721403237,65,0,1
2083,306,1,1,2.611005751,3,0,1
2083,306,0,0,0,-1,0,1
2083,877,1,1,2.610089596,2,0,1
2083,877,0,1,0.770662536,95,0,1
2083,444,0,1,2.609984952,1,1,1
2083,444,1,0,0,-1,0,1
2085,517,1,1,2.61122821,3,0,1
2085,517,0,1,1.721403143,65,0,1
2085,306,1,1,2.61100279,3,0,1
2085,306,0,0,0,-1,0,1
2085,877,1,1,2.610091818,2,0,1
2085,877,0,1,0.7706745292,95,0,1
2085,444,0,1,2.609981902,1,1,1
2085,444,1,0,0,-1,0,1
2087,517,1,1,2.611227444,3,0,1
2087,517,0,1,1.721413915,65,0,1
2087,306,1,1,2.61100295,3,0,1
2087,306,0,0,0,-1,0,1
2087,877,1,1,2.610092755,2,0,1
2087,877,0,1,0.7706665123,95,0,1
2087,444,0,1,2.609979201,1,1,1
2087,444,1,0,0,-1,0,1
2088,517,1,1,2.607709964,3,0,1
2088,517,0,1,1.719284699,65,0,1
2088,306,1,1,2.607397722,3,0,1
2088,306,0,0,0,-1,0,1
2088,877,1,1,2.606515656,2,1,1
2088,877,0,1,0.7664596013,95,0,1
2088,558,1,1,2.606368286,3,0,1
2088,558,0,1,0.8478489171,72,0,1
2090,517,1,1,2.607738143,3,0,1
2090,517,0,1,1.719811372,65,0,1
2090,306,1,1,2.607530697,3,0,1
2090,306,0,0,0,-1,0,1
2090,444,0,1,2.606530289,1,1,1
2090,444,1,0,0,-1,0,1
2090,558,1,1,2.60645602,3,0,1
2090,558,0,1,0.8449895685,72,0,1
2092,517,1,1,2.607735287,3,0,1
2092,517,0,1,1.71981369,65,0,1
2092,306,1,1,2.607535366,3,0,1
2092,306,0,0,0,-1,0,1
2092,444,0,1,2.606512944,1,1,1
2092,444,1,0,0,-1,0,1
2092,558,1,1,2.606506567,2,0,1
2092,558,0,1,0.8449697698,72,0,1
2094,517,1,1,2.607729799,3,0,1
2094,517,0,1,1.71979,65,0,1
2094,306,1,1,2.607538061,3,0,1
2094,306,0,0,0,-1,0,1
2094,444,0,1,2.606506136,1,1,1
2094,444,1,0,0,-1,0,1
2094,558,1,1,2.606510313,2,0,1
2094,558,0,1,0.8449635524,72,0,1
2096,517,1,1,2.607729829,3,0,1
2096,517,0,1,1.719770636,65,0,1
2096,306,1,1,2.607540232,3,0,1
2096,306,0,0,0,-1,0,1
2096,444,0,1,2.606502741,1,1,1
2096,444,1,0,0,-1,0,1
2096,558,1,1,2.606516231,2,0,1
2096,558,0,1,0.8449677022,72,0,1
2098,517,1,1,2.606501848,3,0,1
2098,517,0,1,1.719018553,65,0,1
2098,32,0,1,2.606517304,1,1,1
2098,32,1,0,0,-1,0,1
2098,306,1,1,2.606267726,3,0,1
2098,306,0,0,0,-1,0,1
2098,558,1,1,2.605217405,2,0,1
2098,558,0,1,0.8451889703,72,0,1
2100,517,1,1,2.607736482,3,0,1
2100,517,0,1,1.719798066,65,0,1
2100,306,1,1,2.607546924,3,0,1
2100,306,0,0,0,-1,0,1
2100,444,0,1,2.606519592,1,1,1
2100,444,1,0,0,-1,0,1
2100,558,1,1,2.606515739,2,0,1
2100,558,0,1,0.8449667216,72,0,1
2102,517,1,1,2.607734195,3,0,1
2102,517,0,1,1.719769443,65,0,1
2102,306,1,1,2.607535124,3,0,1
2102,306,0,0,0,-1,0,1
2102,444,0,1,2.606515387,1,1,1
2102,444,1,0,0,-1,0,1
2102,558,1,1,2.606511247,2,0,1
2102,558,0,1,0.8449799218,72,0,1
2104,517,1,1,2.60773676,3,0,1
2104,517,0,1,1.719777176,65,0,1
2104,306,1,1,2.607541669,3,0,1
2104,306,0,0,0,-1,0,1
2104,444,0,1,2.606509237,1,1,1
2104,444,1,0,0,-1,0,1
2104,558,1,1,2.606516225,2,0,1
2104,558,0,1,0.8449862277,72,0,1
2106,517,1,1,2.607741644,3,0,1
2106,517,0,1,1.719796346,65,0,1
2106,306,1,1,2.607548463,3,0,1
2106,306,0,0,0,-1,0,1
2106,444,0,1,2.60651172,1,1,1
2106,444,1,0,0,-1,0,1
2106,558,1,1,2.606506698,2,0,1
2106,558,0,1,0.8449795941,72,0,1
2107,517,1,1,2.604267661,3,0,1
2107,517,0,1,1.717660622,65,0,1
2107,306,1,1,2.603991207,3,0,1
2107,306,0,0,0,-1,0,1
2107,558,1,1,2.602927621,3,0,1
2107,558,0,1,0.8434205168,72,0,1
2107,815,0,1,2.602900403,0,1,1
2107,815,1,0,0,-1,0,1
2109,517,1,1,2.604250957,3,0,1
2109,517,0,1,1.717688835,65,0,1
2109,306,1,1,2.603989091,3,0,1
2109,306,0,0,0,-1,0,1
2109,558,1,1,2.602949547,2,0,1
2109,558,0,1,0.8434048087,72,0,1
2109,815,0,1,2.60291615,0,1,1
2109,815,1,0,0,-1,0,1
2111,517,1,1,2.604269886,3,0,1
2111,517,0,1,1.71767101,65,0,1
2111,306,1,1,2.603993601,3,0,1
2111,306,0,0,0,-1,0,1
2111,558,1,1,2.602929457,3,0,1
2111,558,0,1,0.8434335247,72,0,1
2111,815,0,1,2.602909118,0,1,1
2111,815,1,0,0,-1,0,1
2113,517,1,1,2.604257304,3,0,1
2113,517,0,1,1.717660041,65,0,1
2113,306,1,1,2.604002534,3,0,1
2113,306,0,0,0,-1,0,1
2113,558,1,1,2.602935765,2,0,1
2113,558,0,1,0.8434007626,72,0,1
2113,815,0,1,2.602899214,0,1,1
2113,815,1,0,0,-1,0,1
2115,517,1,1,2.604270078,3,0,1
2115,517,0,1,1.71769386,65,0,1
2115,306,1,1,2.604002607,3,0,1
2115,306,0,0,0,-1,0,1
2115,558,1,1,2.602933232,3,0,1
2115,558,0,1,0.8434227968,72,0,1
2115,815,0,1,2.602902545,0,1,1
2115,815,1,0,0,-1,0,1
2117,517,1,1,2.604257442,3,0,1
2117,517,0,1,1.717643843,65,0,1
2117,306,1,1,2.604000754,3,0,1
2117,306,0,0,0,-1,0,1
2117,558,1,1,2.602920975,3,0,1
2117,558,0,1,0.8434212848,72,0,1
2117,815,0,1,2.602894136,0,1,1
2117,815,1,0,0,-1,0,1
2119,517,1,1,2.604264265,3,0,1
2119,517,0,1,1.717692119,65,0,1
2119,306,1,1,2.604004685,3,0,1
2119,306,0,0,0,-1,0,1
2119,558,1,1,2.602932699,3,0,1
2119,558,0,1,0.8434117832,72,0,1
2119,815,0,1,2.602897169,0,1,1
2119,815,1,0,0,-1,0,1
2121,517,1,1,2.6042572,3,0,1
2121,517,0,1,1.717656199,65,0,1
2121,306,1,1,2.604002303,3,0,1
2121,306,0,0,0,-1,0,1
2121,558,1,1,2.602927723,3,0,1
2121,558,0,1,0.8434335289,72,0,1
2121,815,0,1,2.602902568,0,1,1
2121,815,1,0,0,-1,0,1
2123,517,1,1,2.604260349,3,0,1
2123,517,0,1,1.717676935,65,0,1
2123,306,1,1,2.604003895,3,0,1
2123,306,0,0,0,-1,0,1
2123,558,1,1,2.602930627,3,0,1
2123,558,0,1,0.8434006849,72,0,1
2123,815,0,1,2.602897175,0,1,1
2123,815,1,0,0,-1,0,1
2125,517,1,1,2.604260004,3,0,1
2125,517,0,1,1.717676199,65,0,1
2125,306,1,1,2.604006864,3,0,1
2125,306,0,0,0,-1,0,1
2125,558,1,1,2.602931202,3,0,1
2125,558,0,1,0.8434274023,72,0,1
2125,815,0,1,2.602896893,0,1,1
2125,815,1,0,0,-1,0,1
2126,517,1,1,2.600604382,3,0,1
2126,517,0,1,1.71482502,65,0,1
2126,306,1,1,2.600351641,3,0,1
2126,306,0,0,0,-1,0,1
2126,558,1,1,2.599302205,2,0,1
2126,558,0,1,0.8351716181,77,0,1
2126,890,0,1,2.598961546,1,1,1
2126,890,1,0,0,-1,0,1
2128,517,1,1,2.6006073,3,0,1
2128,517,0,1,1.714785522,65,0,1
2128,306,1,1,2.600362489,3,0,1
2128,306,0,0,0,-1,0,1
2128,558,1,1,2.599292003,2,0,1
2128,558,0,1,0.8351902253,77,0,1
2128,890,0,1,2.598961452,0,1,1
2128,890,1,0,0,-1,0,1
2130,517,1,1,2.600621503,3,0,1
2130,517,0,1,1.714826509,65,0,1
2130,306,1,1,2.600370909,3,0,1
2130,306,0,0,0,-1,0,1
2130,558,1,1,2.59929013,2,0,1
2130,558,0,1,0.8351742968,77,0,1
2130,890,0,1,2.598956094,1,1,1
2130,890,1,0,0,-1,0,1
2132,517,1,1,2.600600538,3,0,1
2132,517,0,1,1.714742899,65,0,1
2132,306,1,1,2.600365532,3,0,1
2132,306,0,0,0,-1,0,1
2132,558,1,1,2.599300293,3,0,1
2132,558,0,1,0.8351978034,77,0,1
2132,890,0,1,2.598945939,1,1,1
2132,890,1,0,0,-1,0,1
2134,517,1,1,2.600594779,3,0,1
2134,517,0,1,1.71565859,68,0,1
2134,306,1,1,2.600349342,3,0,1
2134,306,0,0,0,-1,0,1
2134,558,1,1,2.599298408,3,0,1
2134,558,0,1,0.8351930743,77,0,1
2134,890,0,1,2.598976998,1,1,1
2134,890,1,0,0,-1,0,1
2136,517,1,1,2.600598618,3,0,1
2136,517,0,1,1.714778616,65,0,1
2136,306,1,1,2.600361875,3,0,1
2136,306,0,0,0,-1,0,1
2136,558,1,1,2.599306076,3,0,1
2136,558,0,1,0.8352288809,77,0,1
2136,890,0,1,2.598896364,1,1,1
2136,890,1,0,0,-1,0,1
2138,517,1,1,2.600566433,3,0,1
2138,517,0,1,1.714654628,65,0,1
2138,306,1,1,2.600328855,3,0,1
2138,306,0,0,0,-1,0,1
2138,558,1,1,2.599280731,3,0,1
2138,558,0,1,0.8352247718,77,0,1
2138,890,0,1,2.598950197,1,1,1
2138,890,1,0,0,-1,0,1
2140,517,1,1,2.600636905,3,0,1
2140,517,0,1,1.714851248,65,0,1
2140,306,1,1,2.600395472,3,0,1
2140,306,0,0,0,-1,0,1
2140,558,1,1,2.599338652,3,0,1
2140,558,0,1,0.8352468022,77,0,1
2140,890,0,1,2.598893484,1,1,1
2140,890,1,0,0,-1,0,1
2142,517,1,1,2.600524503,3,0,1
2142,517,0,1,1.714693639,65,0,1
2142,306,1,1,2.600288886,3,0,1
2142,306,0,0,0,-1,0,1
2142,558,1,1,2.599245782,3,0,1
2142,558,0,1,0.8352662295,77,0,1
2142,890,0,1,2.598888573,1,1,1
2142,890,1,0,0,-1,0,1
2144,517,1,1,2.600692908,3,0,1
2144,517,0,1,1.714807365,62,0,1
2144,306,1,1,2.600459505,3,0,1
2144,306,0,0,0,-1,0,1
2144,558,1,1,2.599381615,3,0,1
2144,558,0,1,0.8352200225,77,0,1
2144,890,0,1,2.598938082,1,1,1
2144,890,1,0,0,-1,0,1
2145,517,1,1,2.596770641,3,0,1
2145,517,0,1,1.711770247,70,0,1
2145,306,1,1,2.596553555,3,0,1
2145,306,0,1,-0.6176653111,191,0,1
2145,558,1,1,2.595296136,2,0,1
2145,558,0,1,0.8314034281,72,0,1
2145,311,1,1,2.595146329,1,1,1
2145,311,0,0,0,-1,0,1
2147,517,1,1,2.596622187,3,0,1
2147,517,0,1,1.712263141,65,0,1
2147,306,1,1,2.596409488,3,0,1
2147,306,0,1,-0.6176641391,191,0,1
2147,558,1,1,2.595329494,3,0,1
2147,558,0,1,0.8315941252,77,0,1
2147,311,1,1,2.595122979,2,1,1
2147,311,0,0,0,-1,0,1
2149,517,1,1,2.596721257,3,0,1
2149,517,0,1,1.713147726,68,0,1
2149,306,1,1,2.596520763,3,0,1
2149,306,0,1,-0.6180980802,191,0,1
2149,558,1,1,2.595343311,2,0,1
2149,558,0,1,0.8314204228,72,0,1
2149,311,1,1,2.595125682,1,1,1
2149,311,0,0,0,-1,0,1
2151,517,1,1,2.596695444,3,0,1
2151,517,0,1,1.712484866,65,0,1
2151,306,1,1,2.596496362,3,0,1
2151,306,0,1,-0.6180832365,191,0,1
2151,558,1,1,2.595402451,3,0,1
2151,558,0,1,0.8314692432,77,0,1
2151,311,1,1,2.594998668,2,1,1
2151,311,0,0,0,-1,0,1
2153,517,1,1,2.596684518,3,0,1
2153,517,0,1,1.713150229,68,0,1
2153,306,1,1,2.596487471,3,0,1
2153,306,0,1,-0.617898409,191,0,1
2153,558,1,1,2.595394125,2,1,1
2153,558,0,1,0.8314219448,72,0,1
2153,311,1,1,2.595027324,2,0,1
2153,311,0,0,0,-1,0,1
2155,517,1,1,2.597057934,3,0,1
2155,517,0,1,1.713338445,65,0,1
2155,306,1,1,2.596847775,3,0,1
2155,306,0,0,0,-1,0,1
2155,945,1,1,2.595423356,0,1,1
2155,945,0,1,-0.5738342834,317,0,1
2155,890,0,1,2.59541889,1,0,1
2155,890,1,0,0,-1,0,1
2157,517,1,1,2.59701286,3,0,1
2157,517,0,1,1.713172196,65,0,1
2157,306,1,1,2.596790445,3,0,1
2157,306,0,0,0,-1,0,1
2157,442,1,1,2.595436479,2,0,1
2157,442,0,0,0,-1,0,1
2157,945,1,1,2.595362976,0,1,1
2157,945,0,1,-0.5738382618,317,0,1
2159,517,1,1,2.59701678,3,0,1
2159,517,0,1,1.713240701,65,0,1
2159,306,1,1,2.59681211,3,0,1
2159,306,0,0,0,-1,0,1
2159,890,0,1,2.595460458,0,0,1
2159,890,1,0,0,-1,0,1
2159,945,1,1,2.595475734,0,1,1
2159,945,0,1,-0.5738942203,317,0,1
2161,517,1,1,2.597061185,3,0,1
2161,517,0,1,1.713292293,65,0,1
2161,306,1,1,2.596846826,3,0,1
2161,306,0,0,0,-1,0,1
2161,442,1,1,2.595439824,2,0,1
2161,442,0,0,0,-1,0,1
2161,945,1,1,2.59548328,0,1,1
2161,945,0,1,-0.5738854046,317,0,1
2163,517,1,1,2.597029552,3,0,1
2163,517,0,1,1.713168181,65,0,1
2163,306,1,1,2.596816702,3,0,1
2163,306,0,0,0,-1,0,1
2163,945,1,1,2.59547983,0,1,1
2163,945,0,1,-0.5739043726,317,0,1
2163,890,0,1,2.595426396,0,0,1
2163,890,1,0,0,-1,0,1
2164,517,1,1,2.593194133,3,0,1
2164,517,0,1,1.712192573,65,0,1
2164,306,1,1,2.593052186,3,0,1
2164,306,0,0,0,-1,0,1
2164,442,1,1,2.591733362,2,0,1
2164,442,0,0,0,-1,0,1
2164,890,0,1,2.591598699,1,1,1
2164,890,1,0,0,-1,0,1
2166,517,1,1,2.593207286,3,0,1
2166,517,0,1,1.712143483,65,0,1
2166,306,1,1,2.59307814,3,0,1
2166,306,0,0,0,-1,0,1
2166,442,1,1,2.59178583,2,0,1
2166,442,0,0,0,-1,0,1
2166,890,0,1,2.591547212,0,1,1
2166,890,1,0,0,-1,0,1
2168,517,1,1,2.593222604,3,0,1
2168,517,0,1,1.712296732,65,0,1
2168,306,1,1,2.5930954,3,0,1
2168,306,0,0,0,-1,0,1
2168,442,1,1,2.591865499,2,0,1
2168,442,0,0,0,-1,0,1
2168,890,0,1,2.591668675,0,1,1
2168,890,1,0,0,-1,0,1
2170,517,1,1,2.593183922,3,0,1
2170,517,0,1,1.710773052,65,0,1
2170,306,1,1,2.593025971,3,0,1
2170,306,0,1,-0.6193387182,191,0,1
2170,442,1,1,2.591642345,2,0,1
2170,442,0,0,0,-1,0,1
2170,945,1,1,2.591689473,0,1,1
2170,945,0,1,-0.5792269946,306,0,1
2172,517,1,1,2.593277581,3,0,1
2172,517,0,1,1.712242143,65,0,1
2172,306,1,1,2.593171798,3,0,1
2172,306,0,0,0,-1,0,1
2172,442,1,1,2.591876777,2,0,1
2172,442,0,0,0,-1,0,1
2172,890,0,1,2.591733255,0,1,1
2172,890,1,0,0,-1,0,1
2174,517,1,1,2.593170413,3,0,1
2174,517,0,1,1.712117483,65,0,1
2174,306,1,1,2.593077421,3,0,1
2174,306,0,0,0,-1,0,1
2174,442,1,1,2.591874442,2,0,1
2174,442,0,0,0,-1,0,1
2174,890,0,1,2.591683332,1,1,1
2174,890,1,0,0,-1,0,1
2176,517,1,1,2.593257436,3,0,1
2176,517,0,1,1.712253663,62,0,1
2176,306,1,1,2.593163607,3,0,1
2176,306,0,0,0,-1,0,1
2176,442,1,1,2.59181288,2,0,1
2176,442,0,0,0,-1,0,1
2176,890,0,1,2.591607927,1,1,1
2176,890,1,0,0,-1,0,1
2178,517,1,1,2.593168014,3,0,1
2178,517,0,1,1.712158137,65,0,1
2178,306,1,1,2.593059073,3,0,1
2178,306,0,0,0,-1,0,1
2178,442,1,1,2.591956542,2,0,1
2178,442,0,0,0,-1,0,1
2178,890,0,1,2.591568194,1,1,1
2178,890,1,0,0,-1,0,1
2180,517,1,1,2.593337586,3,0,1
2180,517,0,1,1.712244059,62,0,1
2180,306,1,1,2.593231862,3,0,1
2180,306,0,0,0,-1,0,1
2180,442,1,1,2.59178821,2,0,1
2180,442,0,0,0,-1,0,1
2180,890,0,1,2.591690984,1,1,1
2180,890,1,0,0,-1,0,1
2182,517,1,1,2.59320117,3,0,1
2182,517,0,1,1.712225934,65,0,1
2182,306,1,1,2.593093168,3,0,1
2182,306,0,0,0,-1,0,1
2182,442,1,1,2.59192088,2,0,1
2182,442,0,0,0,-1,0,1
2182,890,0,1,2.591595227,1,1,1
2182,890,1,0,0,-1,0,1
2183,517,1,1,2.589458243,3,0,1
2183,517,0,1,1.710671399,68,0,1
2183,306,1,1,2.589373347,3,0,1
2183,306,0,0,0,-1,0,1
2183,442,1,1,2.588055156,2,1,1
2183,442,0,0,0,-1,0,1
2183,311,1,1,2.587803043,2,0,1
2183,311,0,0,0,-1,0,1
2185,517,1,1,2.589702157,3,0,1
2185,517,0,1,1.710099368,62,0,1
2185,306,1,1,2.589643247,3,0,1
2185,306,0,0,0,-1,0,1
2185,890,0,1,2.58803268,1,1,1
2185,890,1,0,0,-1,0,1
2185,934,1,1,2.588020765,2,0,1
2185,934,0,1,0.02409007606,215,0,1
2187,517,1,1,2.589615707,3,0,1
2187,517,0,1,1.710060969,65,0,1
2187,306,1,1,2.589555196,3,0,1
2187,306,0,0,0,-1,0,1
2187,890,0,1,2.588026081,1,1,1
2187,890,1,0,0,-1,0,1
2187,934,1,1,2.58810647,2,0,1
2187,934,0,1,0.02400753827,215,0,1
2189,517,1,1,2.589342371,3,0,1
2189,517,0,1,1.708531687,65,0,1
2189,306,1,1,2.589249219,3,0,1
2189,306,0,1,-0.6425938735,207,0,1
2189,945,1,1,2.588016296,0,1,1
2189,945,0,0,0,-1,0,1
2189,243,1,1,2.587843782,2,0,1
2189,243,0,0,0,-1,0,1
2191,517,1,1,2.589543942,3,0,1
2191,517,0,1,1.7101727,65,0,1
2191,306,1,1,2.589499365,3,0,1
2191,306,0,0,0,-1,0,1
2191,890,0,1,2.58816026,0,1,1
2191,890,1,0,0,-1,0,1
2191,934,1,1,2.588102342,2,0,1
2191,934,0,1,0.02422010173,215,0,1
2193,517,1,1,2.58960747,3,0,1
2193,517,0,1,1.710068013,62,0,1
2193,306,1,1,2.589543841,3,0,1
2193,306,0,0,0,-1,0,1
2193,890,0,1,2.588125318,0,1,1
2193,890,1,0,0,-1,0,1
2193,243,1,1,2.588138244,2,0,1
2193,243,0,0,0,-1,0,1
2195,517,1,1,2.589665379,3,0,1
2195,517,0,1,1.710015448,65,0,1
2195,306,1,1,2.589617986,3,0,1
2195,306,0,0,0,-1,0,1
2195,243,1,1,2.588041077,2,0,1
2195,243,0,0,0,-1,0,1
2195,890,0,1,2.588016358,0,1,1
2195,890,1,0,0,-1,0,1
2197,517,1,1,2.589666125,3,0,1
2197,517,0,1,1.710225612,65,0,1
2197,306,1,1,2.58960737,3,0,1
2197,306,0,0,0,-1,0,1
2197,890,0,1,2.587971564,0,1,1
2197,890,1,0,0,-1,0,1
2197,243,1,1,2.588139355,2,0,1
2197,243,0,0,0,-1,0,1
2199,517,1,1,2.589701082,3,0,1
2199,517,0,1,1.710014896,65,0,1
2199,306,1,1,2.589654072,3,0,1
2199,306,0,0,0,-1,0,1
2199,243,1,1,2.588225195,2,0,1
2199,243,0,0,0,-1,0,1
2199,890,0,1,2.588116287,1,1,1
2199,890,1,0,0,-1,0,1
2201,517,1,1,2.589689364,3,0,1
2201,517,0,1,1.710133391,65,0,1
2201,306,1,1,2.589654077,3,0,1
2201,306,0,0,0,-1,0,1
2201,243,1,1,2.588246142,2,0,1
2201,243,0,0,0,-1,0,1
2201,890,0,1,2.588166692,1,1,1
2201,890,1,0,0,-1,0,1
2202,517,1,1,2.585915009,3,0,1
2202,517,0,1,1.707590819,65,0,1
2202,306,1,1,2.585904673,3,0,1
2202,306,0,0,0,-1,0,1
2202,243,1,1,2.584399048,2,0,1
2202,243,0,0,0,-1,0,1
2202,311,1,1,2.58441716,1,1,1
2202,311,0,0,0,-1,0,1
2204,517,1,1,2.585874936,3,0,1
2204,517,0,1,1.707641892,62,0,1
2204,306,1,1,2.585847089,3,0,1
2204,306,0,0,0,-1,0,1
2204,243,1,1,2.584391329,2,1,1
2204,243,0,0,0,-1,0,1
2204,934,1,1,2.584219137,2,0,1
2204,934,0,1,0.02079183893,215,0,1
2206,517,1,1,2.585979021,3,0,1
2206,517,0,1,1.708740755,65,0,1
2206,306,1,1,2.586001748,3,0,1
2206,306,0,1,-0.8182186825,270,0,1
2206,91,1,1,2.585113661,1,0,1
2206,91,0,0,0,-1,0,1
2206,890,0,1,2.584470062,0,1,1
2206,890,1,0,0,-1,0,1
2208,306,1,1,2.585923994,3,0,1
2208,306,0,1,-0.8185011914,261,0,1
2208,517,1,1,2.585917699,3,0,1
2208,517,0,1,1.708901324,65,0,1
2208,91,1,1,2.585105659,1,1,1
2208,91,0,1,-0.5576552986,206,0,1
2208,890,0,1,2.584524893,1,0,1
2208,890,1,0,0,-1,0,1
2210,306,1,1,2.585651763,3,0,1
2210,306,0,0,0,-1,0,1
2210,517,1,1,2.585575392,3,0,1
2210,517,0,1,1.708181063,65,0,1
2210,243,1,1,2.585043104,2,0,1
2210,243,0,0,0,-1,0,1
2210,890,0,1,2.58414582,1,1,1
2210,890,1,0,0,-1,0,1
2212,306,1,1,2.585692353,3,0,1
2212,306,0,0,0,-1,0,1
2212,517,1,1,2.585634,3,0,1
2212,517,0,1,1.708181888,62,0,1
2212,243,1,1,2.585050884,2,0,1
2212,243,0,0,0,-1,0,1
2212,890,0,1,2.584183607,0,1,1
2212,890,1,0,0,-1,0,1
2214,306,1,1,2.58564793,3,0,1
2214,306,0,0,0,-1,0,1
2214,517,1,1,2.585595176,3,0,1
2214,517,0,1,1.708173236,65,0,1
2214,243,1,1,2.585110525,2,0,1
2214,243,0,0,0,-1,0,1
2214,890,0,1,2.584101853,1,1,1
2214,890,1,0,0,-1,0,1
2216,306,1,1,2.585714365,3,0,1
2216,306,0,0,0,-1,0,1
2216,517,1,1,2.585645502,3,0,1
2216,517,0,1,1.708215018,62,0,1
2216,243,1,1,2.585032686,2,0,1
2216,243,0,0,0,-1,0,1
2216,890,0,1,2.58418014,0,1,1
2216,890,1,0,0,-1,0,1
2218,306,1,1,2.585675376,3,0,1
2218,306,0,0,0,-1,0,1
2218,517,1,1,2.585618736,3,0,1
2218,517,0,1,1.708178303,62,0,1
2218,243,1,1,2.585117777,2,0,1
2218,243,0,0,0,-1,0,1
2218,890,0,1,2.584061379,1,1,1
2218,890,1,0,0,-1,0,1
2220,306,1,1,2.58570453,3,0,1
2220,306,0,0,0,-1,0,1
2220,517,1,1,2.585643162,3,0,1
2220,517,0,1,1.708194213,62,0,1
2220,243,1,1,2.585004831,2,0,1
2220,243,0,0,0,-1,0,1
2220,890,0,1,2.584136021,0,1,1
2220,890,1,0,0,-1,0,1
2221,306,1,1,2.581943575,3,0,1
2221,306,0,0,0,-1,0,1
2221,517,1,1,2.581859151,3,0,1
2221,517,0,1,1.705830557,65,0,1
2221,243,1,1,2.581444939,2,1,1
2221,243,0,0,0,-1,0,1
2221,976,0,1,2.580377361,3,0,1
2221,976,1,0,0,-1,0,1
2223,306,1,1,2.582929089,3,0,1
2223,306,0,1,-0.877815487,350,0,1
2223,517,1,1,2.58283353,3,0,1
2223,517,0,1,1.707245652,65,0,1
2223,890,0,1,2.581300386,1,1,1
2223,890,1,0,0,-1,0,1
2223,934,1,1,2.581340363,2,0,1
2223,934,0,1,0.02047857375,215,0,1
2225,306,1,1,2.582871543,3,0,1
2225,306,0,1,-0.877952912,350,0,1
2225,517,1,1,2.582773543,3,0,1
2225,517,0,1,1.707100669,65,0,1
2225,890,0,1,2.581379563,1,1,1
2225,890,1,0,0,-1,0,1
2225,934,1,1,2.581364335,2,0,1
2225,934,0,1,0.02043608498,215,0,1
2227,306,1,1,2.582986401,3,0,1
2227,306,0,1,-0.8778355542,350,0,1
2227,517,1,1,2.582881041,3,0,1
2227,517,0,1,1.707292886,62,0,1
2227,890,0,1,2.581343358,1,1,1
2227,890,1,0,0,-1,0,1
2227,934,1,1,2.581299092,2,0,1
2227,934,0,1,0.02053372888,215,0,1
2229,306,1,1,2.582704489,3,0,1
2229,306,0,1,-0.8570881491,666,0,1
2229,517,1,1,2.582587142,3,0,1
2229,517,0,1,1.707798234,68,0,1
2229,442,1,1,2.581434579,2,1,1
2229,442,0,0,0,-1,0,1
2229,976,0,1,2.581111763,3,0,1
2229,976,1,0,0,-1,0,1
2231,306,1,1,2.582785655,3,0,1
2231,306,0,1,-0.8777907385,462,0,1
2231,517,1,1,2.582653449,3,0,1
2231,517,0,1,1.707595341,62,0,1
2231,815,0,1,2.58146297,0,1,1
2231,815,1,0,0,-1,0,1
2231,934,1,1,2.581117253,2,0,1
2231,934,0,1,0.01874717016,215,0,1
2233,306,1,1,2.582903276,3,0,1
2233,306,0,1,-0.8779006389,350,0,1
2233,517,1,1,2.582803132,3,0,1
2233,517,0,1,1.707241113,65,0,1
2233,890,0,1,2.581307428,1,1,1
2233,890,1,0,0,-1,0,1
2233,934,1,1,2.581382419,2,0,1
2233,934,0,1,0.02051433366,215,0,1
2235,306,1,1,2.582838727,3,0,1
2235,306,0,1,-0.8779195089,350,0,1
2235,517,1,1,2.582737481,3,0,1
2235,517,0,1,1.707113054,65,0,1
2235,890,0,1,2.581425381,1,1,1
2235,890,1,0,0,-1,0,1
2235,934,1,1,2.581367318,2,0,1
2235,934,0,1,0.02043083243,215,0,1
2237,306,1,1,2.583013835,3,0,1
2237,306,0,1,-0.8778280445,350,0,1
2237,517,1,1,2.582911145,3,0,1
2237,517,0,1,1.707294074,62,0,1
2237,890,0,1,2.581343093,1,1,1
2237,890,1,0,0,-1,0,1
2237,934,1,1,2.58129394,2,0,1
2237,934,0,1,0.02057602526,215,0,1
2239,306,1,1,2.582858885,3,0,1
2239,306,0,1,-0.8778449522,350,0,1
2239,517,1,1,2.582762011,3,0,1
2239,517,0,1,1.707186591,65,0,1
2239,890,0,1,2.581306098,1,1,1
2239,890,1,0,0,-1,0,1
2239,934,1,1,2.5814147,2,0,1
2239,934,0,1,0.02047866523,215,0,1
2240,306,1,1,2.579355482,3,0,1
2240,306,0,1,-0.8875088519,273,0,1
2240,517,1,1,2.579227296,3,0,1
2240,517,0,1,1.705727737,68,0,1
2240,976,0,1,2.577773028,3,0,1
2240,976,1,0,0,-1,0,1
2240,973,0,1,2.577707055,2,1,1
2240,973,1,0,0,-1,0,1
2242,306,1,1,2.579236632,3,0,1
2242,306,0,1,-0.8875330126,273,0,1
2242,517,1,1,2.579102952,3,0,1
2242,517,0,1,1.704974052,65,0,1
2242,976,0,1,2.577668548,3,0,1
2242,976,1,0,0,-1,0,1
2242,934,1,1,2.577726185,2,1,1
2242,934,0,1,0.01728922885,215,0,1
2244,306,1,1,2.579356331,3,0,1
2244,306,0,1,-0.8873964871,273,0,1
2244,517,1,1,2.579225895,3,0,1
2244,517,0,1,1.704844771,62,0,1
2244,973,0,1,2.577573501,2,0,1
2244,973,1,0,0,-1,0,1
2244,934,1,1,2.577590076,2,1,1
2244,934,0,1,0.01732358576,215,0,1
2246,306,1,1,2.579284634,3,0,1
2246,306,0,1,-0.8874745981,273,0,1
2246,517,1,1,2.579157093,3,0,1
2246,517,0,1,1.704867067,62,0,1
2246,973,0,1,2.577655874,2,1,1
2246,973,1,0,0,-1,0,1
2246,976,0,1,2.577741999,3,0,1
2246,976,1,0,0,-1,0,1
2248,306,1,1,2.579179267,2,0,1
2248,306,0,1,-0.9033545998,252,0,1
2248,517,1,1,2.579149058,3,0,1
2248,517,0,1,1.704144095,62,0,1
2248,976,0,1,2.577746105,3,0,1
2248,976,1,0,0,-1,0,1
2248,890,0,1,2.577741883,0,1,1
2248,890,1,0,0,-1,0,1
2250,306,1,1,2.579265658,3,0,1
2250,306,0,1,-0.88741651,273,0,1
2250,517,1,1,2.579120561,3,0,1
2250,517,0,1,1.704802974,65,0,1
2250,934,1,1,2.577795226,2,0,1
2250,934,0,1,0.01723888166,215,0,1
2250,976,0,1,2.577823483,2,1,1
2250,976,1,0,0,-1,0,1
2252,306,1,1,2.579331896,3,0,1
2252,306,0,1,-0.8874115431,273,0,1
2252,517,1,1,2.579192511,3,0,1
2252,517,0,1,1.704749874,65,0,1
2252,976,0,1,2.577681719,2,1,1
2252,976,1,0,0,-1,0,1
2252,934,1,1,2.577648312,2,0,1
2252,934,0,1,0.01720962311,215,0,1
2254,306,1,1,2.579360054,3,0,1
2254,306,0,1,-0.8874334578,273,0,1
2254,517,1,1,2.579229581,3,0,1
2254,517,0,1,1.704763524,65,0,1
2254,976,0,1,2.577777288,3,0,1
2254,976,1,0,0,-1,0,1
2254,934,1,1,2.577671836,2,1,1
2254,934,0,1,0.01725642468,215,0,1
2256,306,1,1,2.579304588,3,0,1
2256,306,0,1,-0.887328406,273,0,1
2256,517,1,1,2.579179211,3,0,1
2256,517,0,1,1.704828979,65,0,1
2256,973,0,1,2.577714917,2,1,1
2256,973,1,0,0,-1,0,1
2256,976,0,1,2.577756687,3,0,1
2256,976,1,0,0,-1,0,1
2258,306,1,1,2.579293723,3,0,1
2258,306,0,1,-0.8874714996,273,0,1
2258,517,1,1,2.579166905,3,0,1
2258,517,0,1,1.704899467,65,0,1
2258,934,1,1,2.577729868,2,1,1
2258,934,0,1,0.0172273392,215,0,1
2258,973,0,1,2.577692233,2,0,1
2258,973,1,0,0,-1,0,1
2259,306,1,1,2.575562904,3,0,1
2259,306,0,1,-0.8889609808,291,0,1
2259,517,1,1,2.575402576,3,0,1
2259,517,0,1,1.70142756,65,0,1
2259,976,0,1,2.573980063,2,1,1
2259,976,1,0,0,-1,0,1
2259,311,1,1,2.573926694,2,0,1
2259,311,0,0,0,-1,0,1
2261,306,1,1,2.575600799,3,0,1
2261,306,0,1,-0.8890300285,291,0,1
2261,517,1,1,2.575452935,3,0,1
2261,517,0,1,1.70140512,65,0,1
2261,976,0,1,2.573976889,2,0,1
2261,976,1,0,0,-1,0,1
2261,973,0,1,2.574002699,2,1,1
2261,973,1,0,0,-1,0,1
2263,306,1,1,2.575597806,3,0,1
2263,306,0,1,-0.8890494266,291,0,1
2263,517,1,1,2.575443007,3,0,1
2263,517,0,1,1.701441367,65,0,1
2263,973,0,1,2.57397009,2,1,1
2263,973,1,0,0,-1,0,1
2263,976,0,1,2.573954915,2,0,1
2263,976,1,0,0,-1,0,1
2265,306,1,1,2.575591589,3,0,1
2265,306,0,1,-0.8891118726,291,0,1
2265,517,1,1,2.575443385,3,0,1
2265,517,0,1,1.701429793,65,0,1
2265,973,0,1,2.573962891,2,1,1
2265,973,1,0,0,-1,0,1
2265,976,0,1,2.573997546,3,0,1
2265,976,1,0,0,-1,0,1
2267,306,1,1,2.575589423,3,0,1
2267,306,0,1,-0.8891382314,291,0,1
2267,517,1,1,2.575433655,3,0,1
2267,517,0,1,1.701361558,65,0,1
2267,976,0,1,2.573988009,3,0,1
2267,976,1,0,0,-1,0,1
2267,973,0,1,2.573947152,2,1,1
2267,973,1,0,0,-1,0,1
2269,306,1,1,2.575611713,3,0,1
2269,306,0,1,-0.889133027,291,0,1
2269,517,1,1,2.575456822,3,0,1
2269,517,0,1,1.701332989,65,0,1
2269,976,0,1,2.574007032,3,0,1
2269,976,1,0,0,-1,0,1
2269,973,0,1,2.573913723,2,1,1
2269,973,1,0,0,-1,0,1
2271,306,1,1,2.575619234,3,0,1
2271,306,0,1,-0.8891767011,291,0,1
2271,517,1,1,2.575465319,3,0,1
2271,517,0,1,1.701356449,65,0,1
2271,976,0,1,2.574021392,3,0,1
2271,976,1,0,0,-1,0,1
2271,973,0,1,2.573883838,2,1,1
2271,973,1,0,0,-1,0,1
2273,306,1,1,2.575623091,3,0,1
2273,306,0,1,-0.8891777689,291,0,1
2273,517,1,1,2.575470849,3,0,1
2273,517,0,1,1.701393083,65,0,1
2273,976,0,1,2.573886708,2,1,1
2273,976,1,0,0,-1,0,1
2273,973,0,1,2.57386236,2,0,1
2273,973,1,0,0,-1,0,1
2275,306,1,1,2.575628008,3,0,1
2275,306,0,1,-0.8890390643,291,0,1
2275,517,1,1,2.575468706,3,0,1
2275,517,0,1,1.701318582,65,0,1
2275,976,0,1,2.574021471,2,1,1
2275,976,1,0,0,-1,0,1
2275,973,0,1,2.574015372,2,0,1
2275,973,1,0,0,-1,0,1
2277,306,1,1,2.575551568,3,0,1
2277,306,0,1,-0.8889762128,291,0,1
2277,517,1,1,2.575394859,3,0,1
2277,517,0,1,1.701323774,65,0,1
2277,976,0,1,2.573928746,3,0,1
2277,976,1,0,0,-1,0,1
2277,973,0,1,2.574025453,2,1,1
2277,973,1,0,0,-1,0,1
2278,306,1,1,2.571891522,3,0,1
2278,306,0,1,-0.9190684825,247,0,1
2278,517,1,1,2.571704408,3,0,1
2278,517,0,1,1.698376611,65,0,1
2278,976,0,1,2.570338142,2,1,1
2278,976,1,0,0,-1,0,1
2278,311,1,1,2.570233538,2,0,1
2278,311,0,0,0,-1,0,1
2280,306,1,1,2.572045101,3,0,1
2280,306,0,0,0,-1,0,1
2280,517,1,1,2.571757509,3,0,1
2280,517,0,1,1.698743197,65,0,1
2280,838,0,1,2.570500025,1,1,1
2280,838,1,0,0,-1,0,1
2280,973,0,1,2.5703575,2,0,1
2280,973,1,0,0,-1,0,1
2282,306,1,1,2.572305385,3,0,1
2282,306,0,0,0,-1,0,1
2282,517,1,1,2.57197918,3,0,1
2282,517,0,1,1.70035155,65,0,1
2282,973,0,1,2.57059188,2,1,1
2282,973,1,0,0,-1,0,1
2282,311,1,1,2.570558692,2,0,1
2282,311,0,0,0,-1,0,1
2284,306,1,1,2.572310147,3,0,1
2284,306,0,0,0,-1,0,1
2284,517,1,1,2.571956592,3,0,1
2284,517,0,1,1.699675095,65,0,1
2284,890,0,1,2.570576903,0,1,1
2284,890,1,0,0,-1,0,1
2284,961,1,1,2.570505007,0,0,1
2284,961,0,0,0,-1,0,1
2286,306,1,1,2.572397053,3,0,1
2286,306,0,0,0,-1,0,1
2286,517,1,1,2.572056301,3,0,1
2286,517,0,1,1.700271658,65,0,1
2286,961,1,1,2.570607102,0,1,1
2286,961,0,0,0,-1,0,1
2286,973,0,1,2.570591642,2,0,1
2286,973,1,0,0,-1,0,1
2288,306,1,1,2.572346594,3,0,1
2288,306,0,0,0,-1,0,1
2288,517,1,1,2.57200658,3,0,1
2288,517,0,1,1.700301089,65,0,1
2288,961,1,1,2.570556478,0,1,1
2288,961,0,0,0,-1,0,1
2288,311,1,1,2.570592444,1,0,1
2288,311,0,0,0,-1,0,1
2290,306,1,1,2.572302774,3,0,1
2290,306,0,0,0,-1,0,1
2290,517,1,1,2.571965716,3,0,1
2290,517,0,1,1.700365314,65,0,1
2290,973,0,1,2.570587265,2,1,1
2290,973,1,0,0,-1,0,1
2290,311,1,1,2.570524952,2,0,1
2290,311,0,0,0,-1,0,1
2292,306,1,1,2.572295963,3,0,1
2292,306,0,0,0,-1,0,1
2292,517,1,1,2.571968021,3,0,1
2292,517,0,1,1.70034522,65,0,1
2292,973,0,1,2.570579173,2,0,1
2292,973,1,0,0,-1,0,1
2292,961,1,1,2.570577466,0,1,1
2292,961,0,0,0,-1,0,1
2294,306,1,1,2.572376859,3,0,1
2294,306,0,0,0,-1,0,1
2294,517,1,1,2.57203504,3,0,1
2294,517,0,1,1.700254592,65,0,1
2294,961,1,1,2.570540851,0,1,1
2294,961,0,0,0,-1,0,1
2294,973,0,1,2.570635367,2,0,1
2294,973,1,0,0,-1,0,1
2296,306,1,1,2.572358329,3,0,1
2296,306,0,0,0,-1,0,1
2296,517,1,1,2.572023499,3,0,1
2296,517,0,1,1.700344949,65,0,1
2296,961,1,1,2.570603668,0,1,1
2296,961,0,0,0,-1,0,1
2296,973,0,1,2.570612573,2,0,1
2296,973,1,0,0,-1,0,1
2297,306,1,1,2.568688293,3,0,1
2297,306,0,0,0,-1,0,1
2297,517,1,1,2.568355352,3,0,1
2297,517,0,1,1.697677562,65,0,1
2297,311,1,1,2.567009219,2,1,1
2297,311,0,0,0,-1,0,1
2297,973,0,1,2.566997138,2,0,1
2297,973,1,0,0,-1,0,1
2299,306,1,1,2.568679705,3,0,1
2299,306,0,0,0,-1,0,1
2299,517,1,1,2.568339133,3,0,1
2299,517,0,1,1.697014729,65,0,1
2299,961,1,1,2.566947075,0,1,1
2299,961,0,0,0,-1,0,1
2299,973,0,1,2.566907344,2,0,1
2299,973,1,0,0,-1,0,1
2301,306,1,1,2.568179416,3,0,1
2301,306,0,0,0,-1,0,1
2301,517,1,1,2.567947259,3,0,1
2301,517,0,1,1.696768773,65,0,1
2301,976,0,1,2.566948335,2,1,1
2301,976,1,0,0,-1,0,1
2301,973,0,1,2.566447854,2,0,1
2301,973,1,0,0,-1,0,1
2303,306,1,1,2.568733884,3,0,1
2303,306,0,0,0,-1,0,1
2303,517,1,1,2.568387596,3,0,1
2303,517,0,1,1.697598185,65,0,1
2303,311,1,1,2.566986618,2,1,1
2303,311,0,0,0,-1,0,1
2303,973,0,1,2.566945429,2,0,1
2303,973,1,0,0,-1,0,1
2305,306,1,1,2.568636917,3,0,1
2305,306,0,0,0,-1,0,1
2305,517,1,1,2.568303055,3,0,1
2305,517,0,1,1.696759248,65,0,1
2305,890,0,1,2.566994879,1,1,1
2305,890,1,0,0,-1,0,1
2305,973,0,1,2.566882625,2,0,1
2305,973,1,0,0,-1,0,1
2307,306,1,1,2.568716388,3,0,1
2307,306,0,0,0,-1,0,1
2307,517,1,1,2.568364672,3,0,1
2307,517,0,1,1.697664933,65,0,1
2307,311,1,1,2.567000346,2,1,1
2307,311,0,0,0,-1,0,1
2307,973,0,1,2.566987983,2,0,1
2307,973,1,0,0,-1,0,1
2309,306,1,1,2.568711948,3,0,1
2309,306,0,0,0,-1,0,1
2309,517,1,1,2.568365464,3,0,1
2309,517,0,1,1.697665119,65,0,1
2309,311,1,1,2.566973983,2,1,1
2309,311,0,0,0,-1,0,1
2309,973,0,1,2.566968763,2,0,1
2309,973,1,0,0,-1,0,1
2311,306,1,1,2.568709876,3,0,1
2311,306,0,0,0,-1,0,1
2311,517,1,1,2.568362517,3,0,1
2311,517,0,1,1.697632656,65,0,1
2311,311,1,1,2.566983743,2,1,1
2311,311,0,0,0,-1,0,1
2311,973,0,1,2.566956085,2,0,1
2311,973,1,0,0,-1,0,1
2313,306,1,1,2.568717032,3,0,1
2313,306,0,0,0,-1,0,1
2313,517,1,1,2.56837281,3,0,1
2313,517,0,1,1.697599651,65,0,1
2313,311,1,1,2.566980814,2,1,1
2313,311,0,0,0,-1,0,1
2313,973,0,1,2.566959245,2,0,1
2313,973,1,0,0,-1,0,1
2315,306,1,1,2.568674379,3,0,1
2315,306,0,0,0,-1,0,1
2315,517,1,1,2.568329661,3,0,1
2315,517,0,1,1.697063131,65,0,1
2315,961,1,1,2.566984485,0,1,1
2315,961,0,0,0,-1,0,1
2315,973,0,1,2.566926042,2,0,1
2315,973,1,0,0,-1,0,1
2316,306,1,1,2.565122204,3,0,1
2316,306,0,0,0,-1,0,1
2316,517,1,1,2.564775178,3,0,1
2316,517,0,1,1.694471635,65,0,1
2316,973,0,1,2.563374409,2,1,1
2316,973,1,0,0,-1,0,1
2316,934,1,1,2.563292516,2,0,1
2316,934,0,1,0.01177320516,215,0,1
2318,306,1,1,2.565139342,3,0,1
2318,306,0,0,0,-1,0,1
2318,517,1,1,2.564798369,3,0,1
2318,517,0,1,1.694469647,65,0,1
2318,973,0,1,2.563340915,2,1,1
2318,973,1,0,0,-1,0,1
2318,934,1,1,2.563277408,2,0,1
2318,934,0,1,0.01174132218,215,0,1
2320,306,1,1,2.56513144,3,0,1
2320,306,0,0,0,-1,0,1
2320,517,1,1,2.56478112,3,0,1
2320,517,0,1,1.694424135,65,0,1
2320,973,0,1,2.56330219,2,1,1
2320,973,1,0,0,-1,0,1
2320,934,1,1,2.563238272,2,0,1
2320,934,0,1,0.01173337146,215,0,1
2322,306,1,1,2.565139779,3,0,1
2322,306,0,0,0,-1,0,1
2322,517,1,1,2.564788186,3,0,1
2322,517,0,1,1.694387088,65,0,1
2322,973,0,1,2.56327309,2,1,1
2322,973,1,0,0,-1,0,1
2322,934,1,1,2.563220605,2,0,1
2322,934,0,1,0.01168617811,215,0,1
2324,306,1,1,2.565159611,3,0,1
2324,306,0,0,0,-1,0,1
2324,517,1,1,2.564811788,3,0,1
2324,517,0,1,1.694378334,65,0,1
2324,973,0,1,2.563251584,2,1,1
2324,973,1,0,0,-1,0,1
2324,934,1,1,2.563181634,2,0,1
2324,934,0,1,0.01167423867,215,0,1
2326,306,1,1,2.56516677,3,0,1
2326,306,0,0,0,-1,0,1
2326,517,1,1,2.564819227,3,0,1
2326,517,0,1,1.694407006,65,0,1
2326,973,0,1,2.56321945,2,1,1
2326,973,1,0,0,-1,0,1
2326,934,1,1,2.563156273,2,0,1
2326,934,0,1,0.01167252499,215,0,1
2328,306,1,1,2.565180565,3,0,1
2328,306,0,0,0,-1,0,1
2328,517,1,1,2.564831222,3,0,1
2328,517,0,1,1.694426526,65,0,1
2328,973,0,1,2.563192304,2,1,1
2328,973,1,0,0,-1,0,1
2328,934,1,1,2.563128699,2,0,1
2328,934,0,1,0.01169195581,215,0,1
2330,306,1,1,2.565193254,3,0,1
2330,306,0,0,0,-1,0,1
2330,517,1,1,2.564845736,3,0,1
2330,517,0,1,1.694416336,65,0,1
2330,973,0,1,2.56316582,2,1,1
2330,973,1,0,0,-1,0,1
2330,934,1,1,2.563100564,2,0,1
2330,934,0,1,0.01170199766,215,0,1
2332,306,1,1,2.565203087,3,0,1
2332,306,0,0,0,-1,0,1
2332,517,1,1,2.564856363,3,0,1
2332,517,0,1,1.6943845,65,0,1
2332,973,0,1,2.563146929,2,1,1
2332,973,1,0,0,-1,0,1
2332,934,1,1,2.563079108,2,0,1
2332,934,0,1,0.01169894899,215,0,1
2334,306,1,1,2.565215383,3,0,1
2334,306,0,0,0,-1,0,1
2334,517,1,1,2.564868586,3,0,1
2334,517,0,1,1.694364036,65,0,1
2334,973,0,1,2.563123118,2,1,1
2334,973,1,0,0,-1,0,1
2334,934,1,1,2.563054935,2,0,1
2334,934,0,1,0.01168393783,215,0,1
2335,306,1,1,2.561347268,2,0,1
2335,306,0,0,0,-1,0,1
2335,517,1,1,2.561251374,3,0,1
2335,517,0,1,1.691419296,65,0,1
2335,934,1,1,2.559541748,2,0,1
2335,934,0,1,0.009717156333,215,0,1
2335,203,1,1,2.559808148,0,1,1
2335,203,0,0,0,-1,0,1
2337,306,1,1,2.561635915,2,1,1
2337,306,0,0,0,-1,0,1
2337,517,1,1,2.560991841,3,0,1
2337,517,0,1,1.691498114,65,0,1
2337,934,1,1,2.559774362,2,0,1
2337,934,0,1,0.009604620713,215,0,1
2337,765,1,1,2.559758957,2,0,1
2337,765,0,0,0,-1,0,1
2339,517,1,1,2.562802657,3,0,1
2339,517,0,1,1.693339134,65,0,1
2339,973,0,1,2.561580262,2,0,1
2339,973,1,0,0,-1,0,1
2339,934,1,1,2.561485812,2,0,1
2339,934,0,1,0.008866368209,197,0,1
2339,741,1,1,2.561575813,1,1,1
2339,741,0,0,0,-1,0,1
2341,517,1,1,2.563015863,3,0,1
2341,517,0,1,1.693338337,65,0,1
2341,973,0,1,2.561648028,2,1,1
2341,973,1,0,0,-1,0,1
2341,934,1,1,2.56153864,2,0,1
2341,934,0,1,0.00887636848,197,0,1
2341,765,1,1,2.561547342,2,0,1
2341,765,0,0,0,-1,0,1
2343,517,1,1,2.562931557,3,0,1
2343,517,0,1,1.693599154,65,0,1
2343,311,1,1,2.561645631,2,0,1
2343,311,0,0,0,-1,0,1
2343,934,1,1,2.561631699,2,0,1
2343,934,0,1,0.008444969933,215,0,1
2343,203,1,1,2.561554227,0,1,1
2343,203,0,0,0,-1,0,1
2345,517,1,1,2.563039378,3,0,1
2345,517,0,1,1.693443109,62,0,1
2345,311,1,1,2.561444961,2,0,1
2345,311,0,0,0,-1,0,1
2345,934,1,1,2.561522743,1,1,1
2345,934,0,1,0.008460729218,215,0,1
2345,203,1,1,2.56149399,1,0,1
2345,203,0,0,0,-1,0,1
2347,517,1,1,2.562862253,3,0,1
2347,517,0,1,1.69350069,65,0,1
2347,934,1,1,2.561455801,2,0,1
2347,934,0,1,0.008939312251,180,0,1
2347,311,1,1,2.561508219,2,1,1
2347,311,0,0,0,-1,0,1
2347,741,1,1,2.56144624,2,0,1
2347,741,0,0,0,-1,0,1
2349,517,1,1,2.562886293,3,0,1
2349,517,0,1,1.693515547,65,0,1
2349,311,1,1,2.561513039,2,0,1
2349,311,0,0,0,-1,0,1
2349,934,1,1,2.5614777,2,0,1
2349,934,0,1,0.007909248839,181,0,1
2349,203,1,1,2.56142138,0,1,1
2349,203,0,0,0,-1,0,1
2351,517,1,1,2.562935074,3,0,1
2351,517,0,1,1.693362787,62,0,1
2351,311,1,1,2.561651481,2,0,1
2351,311,0,0,0,-1,0,1
2351,203,1,1,2.561451419,1,1,1
2351,203,0,0,0,-1,0,1
2351,934,1,1,2.561601169,2,0,1
2351,934,0,1,0.008476707615,215,0,1
2353,517,1,1,2.56292425,3,0,1
2353,517,0,1,1.693597234,65,0,1
2353,311,1,1,2.561611535,2,0,1
2353,311,0,0,0,-1,0,1
2353,934,1,1,2.56156004,2,0,1
2353,934,0,1,0.008471726722,215,0,1
2353,203,1,1,2.561492988,0,1,1
2353,203,0,0,0,-1,0,1
2354,517,1,1,2.559235743,3,0,1
2354,517,0,1,1.69192867,65,0,1
2354,311,1,1,2.557904352,2,0,1
2354,311,0,0,0,-1,0,1
2354,934,1,1,2.557835348,2,0,1
2354,934,0,1,0.005357198416,215,0,1
2354,741,1,1,2.557900824,1,1,1
2354,741,0,0,0,-1,0,1
2356,517,1,1,2.559316012,3,0,1
2356,517,0,1,1.69184339,65,0,1
2356,934,1,1,2.557902916,2,0,1
2356,934,0,1,0.005850571217,180,0,1
2356,311,1,1,2.557974851,2,1,1
2356,311,0,0,0,-1,0,1
2356,486,0,1,2.557663631,3,0,1
2356,486,1,0,0,-1,0,1
2358,517,1,1,2.559320677,3,0,1
2358,517,0,1,1.690271679,65,0,1
2358,203,1,1,2.557876163,0,1,1
2358,203,0,0,0,-1,0,1
2358,765,1,1,2.557960351,2,0,1
2358,765,0,0,0,-1,0,1
2358,934,1,1,2.557940136,2,0,1
2358,934,0,1,0.006704971109,197,0,1
2360,517,1,1,2.55926828,3,0,1
2360,517,0,1,1.691875085,65,0,1
2360,311,1,1,2.557928512,2,0,1
2360,311,0,0,0,-1,0,1
2360,934,1,1,2.557857067,2,0,1
2360,934,0,1,0.00543461772,197,0,1
2360,188,0,1,2.557874951,1,1,1
2360,188,1,0,0,-1,0,1
2362,517,1,1,2.559348623,3,0,1
2362,517,0,1,1.691927918,65,0,1
2362,311,1,1,2.557902686,2,0,1
2362,311,0,0,0,-1,0,1
2362,934,1,1,2.557843213,2,0,1
2362,934,0,1,0.005408379955,215,0,1
2362,188,0,1,2.557810688,1,1,1
2362,188,1,0,0,-1,0,1
2364,517,1,1,2.5592981,3,0,1
2364,517,0,1,1.691813398,65,0,1
2364,311,1,1,2.558000696,2,0,1
2364,311,0,0,0,-1,0,1
2364,934,1,1,2.557926708,2,0,1
2364,934,0,1,0.005792603845,180,0,1
2364,741,1,1,2.557784521,1,1,1
2364,741,0,0,0,-1,0,1
2366,517,1,1,2.559305415,3,0,1
2366,517,0,1,1.69189943,65,0,1
2366,311,1,1,2.557895435,2,0,1
2366,311,0,0,0,-1,0,1
2366,934,1,1,2.557828171,2,0,1
2366,934,0,1,0.005355042258,215,0,1
2366,188,0,1,2.55780816,1,1,1
2366,188,1,0,0,-1,0,1
2368,517,1,1,2.559343952,3,0,1
2368,517,0,1,1.69182371,65,0,1
2368,311,1,1,2.557902331,1,1,1
2368,311,0,0,0,-1,0,1
2368,934,1,1,2.557856064,2,0,1
2368,934,0,1,0.005792197942,180,0,1
2368,741,1,1,2.557781041,1,0,1
2368,741,0,0,0,-1,0,1
2370,517,1,1,2.559406855,3,0,1
2370,517,0,1,1.69025642,65,0,1
2370,203,1,1,2.557964968,0,1,1
2370,203,0,0,0,-1,0,1
2370,765,1,1,2.5579299,2,0,1
2370,765,0,0,0,-1,0,1
2370,934,1,1,2.557916511,2,0,1
2370,934,0,1,0.006756067211,197,0,1
2372,517,1,1,2.55938482,3,0,1
2372,517,0,1,1.690331977,65,0,1
2372,934,1,1,2.557959328,2,0,1
2372,934,0,1,0.006685377929,215,0,1
2372,203,1,1,2.557959731,0,1,1
2372,203,0,0,0,-1,0,1
2372,765,1,1,2.557915487,2,0,1
2372,765,0,0,0,-1,0,1
2373,517,1,1,2.555732471,3,0,1
2373,517,0,1,1.688637788,65,0,1
2373,934,1,1,2.554323027,2,0,1
2373,934,0,1,0.00365205287,215,0,1
2373,765,1,1,2.554304677,2,0,1
2373,765,0,0,0,-1,0,1
2373,188,0,1,2.554240375,1,1,1
2373,188,1,0,0,-1,0,1
2375,517,1,1,2.555722237,3,0,1
2375,517,0,1,1.688623384,65,0,1
2375,934,1,1,2.554290869,2,0,1
2375,934,0,1,0.003641825186,215,0,1
2375,765,1,1,2.554300281,2,0,1
2375,765,0,0,0,-1,0,1
2375,741,1,1,2.554219837,1,1,1
2375,741,0,0,0,-1,0,1
2377,517,1,1,2.555769647,3,0,1
2377,517,0,1,1.688533708,62,0,1
2377,934,1,1,2.554268951,2,0,1
2377,934,0,1,0.003626503382,215,0,1
2377,188,0,1,2.554253148,1,1,1
2377,188,1,0,0,-1,0,1
2377,765,1,1,2.554336581,2,0,1
2377,765,0,0,0,-1,0,1
2379,517,1,1,2.555731446,3,0,1
2379,517,0,1,1.688640093,65,0,1
2379,934,1,1,2.554307082,2,0,1
2379,934,0,1,0.003993002404,180,0,1
2379,765,1,1,2.554334732,2,0,1
2379,765,0,0,0,-1,0,1
2379,188,0,1,2.554209209,1,1,1
2379,188,1,0,0,-1,0,1
2381,517,1,1,2.555753226,3,0,1
2381,517,0,1,1.688517316,65,0,1
2381,765,1,1,2.554285947,2,0,1
2381,765,0,0,0,-1,0,1
2381,934,1,1,2.554271371,2,0,1
2381,934,0,1,0.002933045834,181,0,1
2381,188,0,1,2.554310185,1,1,1
2381,188,1,0,0,-1,0,1
2383,517,1,1,2.55572003,3,0,1
2383,517,0,1,1.688572275,65,0,1
2383,765,1,1,2.55436009,2,0,1
2383,765,0,0,0,-1,0,1
2383,934,1,1,2.554323972,2,0,1
2383,934,0,1,0.003971917841,180,0,1
2383,188,0,1,2.554255838,1,1,1
2383,188,1,0,0,-1,0,1
2385,517,1,1,2.555768603,3,0,1
2385,517,0,1,1.688665763,62,0,1
2385,934,1,1,2.5542917,2,0,1
2385,934,0,1,0.002890819445,181,0,1
2385,765,1,1,2.554308737,2,0,1
2385,765,0,0,0,-1,0,1
2385,188,0,1,2.554276842,1,1,1
2385,188,1,0,0,-1,0,1
2387,517,1,1,2.555740956,3,0,1
2387,517,0,1,1.688707961,65,0,1
2387,765,1,1,2.554329177,2,0,1
2387,765,0,0,0,-1,0,1
2387,934,1,1,2.554310026,2,0,1
2387,934,0,1,0.003660361373,215,0,1
2387,188,0,1,2.554276313,1,1,1
2387,188,1,0,0,-1,0,1
2389,517,1,1,2.555761209,3,0,1
2389,517,0,1,1.688560279,65,0,1
2389,765,1,1,2.554324818,2,0,1
2389,765,0,0,0,-1,0,1
2389,934,1,1,2.554292194,2,0,1
2389,934,0,1,0.003604874628,197,0,1
2389,188,0,1,2.554260954,1,1,1
2389,188,1,0,0,-1,0,1
2391,517,1,1,2.555728404,3,0,1
2391,517,0,1,1.688558867,65,0,1
2391,765,1,1,2.554328336,2,0,1
2391,765,0,0,0,-1,0,1
2391,934,1,1,2.554294789,2,0,1
2391,934,0,1,0.003981719776,180,0,1
2391,188,0,1,2.554291632,1,1,1
2391,188,1,0,0,-1,0,1
2392,517,1,1,2.552222312,3,0,1
2392,517,0,1,1.686263203,65,0,1
2392,934,1,1,2.550668631,2,0,1
2392,934,0,1,0.0008446373295,215,0,1
2392,765,1,1,2.550708298,2,0,1
2392,765,0,0,0,-1,0,1
2392,741,1,1,2.55061646,1,1,1
2392,741,0,0,0,-1,0,1
2394,517,1,1,2.552231544,3,0,1
2394,517,0,1,1.686185663,65,0,1
2394,934,1,1,2.550660424,2,0,1
2394,934,0,1,0.0007948296716,215,0,1
2394,486,0,1,2.550424716,3,0,1
2394,486,1,0,0,-1,0,1
2394,765,1,1,2.550706317,2,1,1
2394,765,0,0,0,-1,0,1
2396,517,1,1,2.55219198,3,0,1
2396,517,0,1,1.686886275,62,0,1
2396,934,1,1,2.550740963,2,0,1
2396,934,0,1,0.002234650202,180,0,1
2396,188,0,1,2.55070067,1,1,1
2396,188,1,0,0,-1,0,1
2396,741,1,1,2.550659275,2,0,1
2396,741,0,0,0,-1,0,1
2398,517,1,1,2.552162056,3,0,1
2398,517,0,1,1.686826901,62,0,1
2398,934,1,1,2.550721185,2,0,1
2398,934,0,1,0.002269768718,180,0,1
2398,188,0,1,2.550689329,1,0,1
2398,188,1,0,0,-1,0,1
2398,741,1,1,2.550689732,1,1,1
2398,741,0,0,0,-1,0,1
2400,517,1,1,2.552151674,3,0,1
2400,517,0,1,1.686963448,65,0,1
2400,934,1,1,2.55073923,2,0,1
2400,934,0,1,0.001849614043,215,0,1
2400,486,0,1,2.550483929,3,0,1
2400,486,1,0,0,-1,0,1
2400,188,0,1,2.550685081,1,1,1
2400,188,1,0,0,-1,0,1
2402,517,1,1,2.552227524,3,0,1
2402,517,0,1,1.686774674,65,0,1
2402,934,1,1,2.550677359,2,0,1
2402,934,0,1,0.002243064966,180,0,1
2402,741,1,1,2.550652949,1,0,1
2402,741,0,0,0,-1,0,1
2402,188,0,1,2.550738595,1,1,1
2402,188,1,0,0,-1,0,1
2404,517,1,1,2.552127152,3,0,1
2404,517,0,1,1.686800786,65,0,1
2404,934,1,1,2.550744356,1,0,1
2404,934,0,1,0.002235448884,180,0,1
2404,188,0,1,2.550756504,1,1,1
2404,188,1,0,0,-1,0,1
2404,132,1,1,2.550653486,2,0,1
2404,132,0,0,0,-1,0,1
2406,517,1,1,2.552190725,3,0,1
2406,517,0,1,1.68694505,62,0,1
2406,934,1,1,2.550750952,2,0,1
2406,934,0,1,0.00226170488,180,0,1
2406,188,0,1,2.550690932,1,1,1
2406,188,1,0,0,-1,0,1
2406,741,1,1,2.55063431,2,0,1
2406,741,0,0,0,-1,0,1
2408,517,1,1,2.552194356,3,0,1
2408,517,0,1,1.686030169,62,0,1
2408,203,1,1,2.550726915,0,1,1
2408,203,0,0,0,-1,0,1
2408,934,1,1,2.550679742,2,0,1
2408,934,0,1,0.001749734506,181,0,1
2408,741,1,1,2.550620566,2,0,1
2408,741,0,0,0,-1,0,1
2410,517,1,1,2.552249219,3,0,1
2410,517,0,1,1.686171922,62,0,1
2410,765,1,1,2.550677106,2,1,1
2410,765,0,0,0,-1,0,1
2410,934,1,1,2.550670585,2,0,1
2410,934,0,1,0.0003544710125,211,0,1
2410,741,1,1,2.550572236,2,0,1
2410,741,0,0,0,-1,0,1
2411,517,1,1,2.548703491,3,0,1
2411,517,0,1,1.684465216,62,0,1
2411,934,1,1,2.547117449,1,1,1
2411,934,0,1,-0.0002340660239,210,0,1
2411,741,1,1,2.547065476,2,0,1
2411,741,0,0,0,-1,0,1
2411,132,1,1,2.547024955,2,0,1
2411,132,0,0,0,-1,0,1
2413,517,1,1,2.548539781,3,0,1
2413,517,0,1,1.683443599,62,0,1
2413,188,0,1,2.547090221,1,1,1
2413,188,1,0,0,-1,0,1
2413,741,1,1,2.547055374,1,0,1
2413,741,0,0,0,-1,0,1
2413,132,1,1,2.547070632,2,0,1
2413,132,0,0,0,-1,0,1
2415,517,1,1,2.548551584,3,0,1
2415,517,0,1,1.683490794,65,0,1
2415,188,0,1,2.547070601,1,1,1
2415,188,1,0,0,-1,0,1
2415,741,1,1,2.54703335,1,0,1
2415,741,0,0,0,-1,0,1
2415,132,1,1,2.547055348,2,0,1
2415,132,0,0,0,-1,0,1
2417,517,1,1,2.548536038,3,0,1
2417,517,0,1,1.683460685,65,0,1
2417,188,0,1,2.547127779,1,1,1
2417,188,1,0,0,-1,0,1
2417,741,1,1,2.54701773,1,0,1
2417,741,0,0,0,-1,0,1
2417,132,1,1,2.547060101,2,0,1
2417,132,0,0,0,-1,0,1
2419,517,1,1,2.548553688,3,0,1
2419,517,0,1,1.683551849,62,0,1
2419,188,0,1,2.547103919,1,1,1
2419,188,1,0,0,-1,0,1
2419,741,1,1,2.547033391,2,0,1
2419,741,0,0,0,-1,0,1
2419,132,1,1,2.547061275,2,0,1
2419,132,0,0,0,-1,0,1
2421,517,1,1,2.548577386,3,0,1
2421,517,0,1,1.683505414,62,0,1
2421,188,0,1,2.547136414,1,1,1
2421,188,1,0,0,-1,0,1
2421,741,1,1,2.547053284,1,0,1
2421,741,0,0,0,-1,0,1
2421,132,1,1,2.547031025,2,0,1
2421,132,0,0,0,-1,0,1
2423,517,1,1,2.548565916,3,0,1
2423,517,0,1,1.683571562,65,0,1
2423,188,0,1,2.547119934,1,1,1
2423,188,1,0,0,-1,0,1
2423,741,1,1,2.547039318,1,0,1
2423,741,0,0,0,-1,0,1
2423,132,1,1,2.547047672,2,0,1
2423,132,0,0,0,-1,0,1
2425,517,1,1,2.54857669,3,0,1
2425,517,0,1,1.683487731,65,0,1
2425,188,0,1,2.547135896,1,1,1
2425,188,1,0,0,-1,0,1
2425,741,1,1,2.547040268,1,0,1
2425,741,0,0,0,-1,0,1
2425,132,1,1,2.54703569,2,0,1
2425,132,0,0,0,-1,0,1
2427,517,1,1,2.548540308,3,0,1
2427,517,0,1,1.683493246,65,0,1
2427,188,0,1,2.547132278,1,1,1
2427,188,1,0,0,-1,0,1
2427,741,1,1,2.547036354,1,0,1
2427,741,0,0,0,-1,0,1
2427,132,1,1,2.547069022,2,0,1
2427,132,0,0,0,-1,0,1
2429,517,1,1,2.548555883,3,0,1
2429,517,0,1,1.683535376,62,0,1
2429,188,0,1,2.547109812,1,1,1
2429,188,1,0,0,-1,0,1
2429,741,1,1,2.547022357,1,0,1
2429,741,0,0,0,-1,0,1
2429,132,1,1,2.547062077,2,0,1
2429,132,0,0,0,-1,0,1
2430,517,1,1,2.545103451,3,0,1
2430,517,0,1,1.68110822,65,0,1
2430,741,1,1,2.543443491,1,1,1
2430,741,0,0,0,-1,0,1
2430,132,1,1,2.543460986,2,0,1
2430,132,0,0,0,-1,0,1
2430,811,1,1,2.543410344,1,0,1
2430,811,0,0,0,-1,0,1
2432,517,1,1,2.545086583,3,0,1
2432,517,0,1,1.681146042,65,0,1
2432,486,0,1,2.543256017,3,0,1
2432,486,1,0,0,-1,0,1
2432,741,1,1,2.543423501,2,0,1
2432,741,0,0,0,-1,0,1
2432,132,1,1,2.543457051,2,1,1
2432,132,0,0,0,-1,0,1
2434,517,1,1,2.545068381,3,0,1
2434,517,0,1,1.680999656,62,0,1
2434,132,1,1,2.543502437,2,0,1
2434,132,0,0,0,-1,0,1
2434,741,1,1,2.543429523,1,1,1
2434,741,0,0,0,-1,0,1
2434,811,1,1,2.543365163,1,0,1
2434,811,0,0,0,-1,0,1
2436,517,1,1,2.545089008,3,0,1
2436,517,0,1,1.680982012,62,0,1
2436,486,0,1,2.543269778,3,0,1
2436,486,1,0,0,-1,0,1
2436,741,1,1,2.543398331,1,1,1
2436,741,0,0,0,-1,0,1
2436,132,1,1,2.543494534,2,0,1
2436,132,0,0,0,-1,0,1
2438,517,1,1,2.545087812,3,0,1
2438,517,0,1,1.681155358,65,0,1
2438,486,0,1,2.543276497,3,0,1
2438,486,1,0,0,-1,0,1
2438,132,1,1,2.543491527,2,0,1
2438,132,0,0,0,-1,0,1
2438,741,1,1,2.543419719,1,1,1
2438,741,0,0,0,-1,0,1
2440,517,1,1,2.545118733,3,0,1
2440,517,0,1,1.681095309,65,0,1
2440,486,0,1,2.543303488,3,0,1
2440,486,1,0,0,-1,0,1
2440,132,1,1,2.543466123,2,0,1
2440,132,0,0,0,-1,0,1
2440,741,1,1,2.543444299,1,1,1
2440,741,0,0,0,-1,0,1
2442,517,1,1,2.545111533,3,0,1
2442,517,0,1,1.68110773,65,0,1
2442,486,0,1,2.543296778,3,0,1
2442,486,1,0,0,-1,0,1
2442,132,1,1,2.543456745,2,0,1
2442,132,0,0,0,-1,0,1
2442,741,1,1,2.543459286,1,1,1
2442,741,0,0,0,-1,0,1
2444,517,1,1,2.545085222,3,0,1
2444,517,0,1,1.681122721,65,0,1
2444,486,0,1,2.543273576,3,0,1
2444,486,1,0,0,-1,0,1
2444,741,1,1,2.543375853,1,1,1
2444,741,0,0,0,-1,0,1
2444,132,1,1,2.543489308,2,0,1
2444,132,0,0,0,-1,0,1
2446,517,1,1,2.545096379,3,0,1
2446,517,0,1,1.681139204,65,0,1
2446,486,0,1,2.543273885,3,0,1
2446,486,1,0,0,-1,0,1
2446,741,1,1,2.54340648,1,1,1
2446,741,0,0,0,-1,0,1
2446,132,1,1,2.543454683,2,0,1
2446,132,0,0,0,-1,0,1
2448,517,1,1,2.545070493,3,0,1
2448,517,0,1,1.681105312,65,0,1
2448,486,0,1,2.54326198,3,0,1
2448,486,1,0,0,-1,0,1
2448,132,1,1,2.543460802,2,0,1
2448,132,0,0,0,-1,0,1
2448,741,1,1,2.543426124,1,1,1
2448,741,0,0,0,-1,0,1
2449,517,1,1,2.54136122,3,0,1
2449,517,0,1,1.677528215,62,0,1
2449,132,1,1,2.53979328,2,1,1
2449,132,0,0,0,-1,0,1
2449,811,1,1,2.539746802,2,0,1
2449,811,0,0,0,-1,0,1
2449,486,0,1,2.539808485,3,0,1
2449,486,1,0,0,-1,0,1
2451,517,1,1,2.541477791,3,0,1
2451,517,0,1,1.678187109,65,0,1
2451,486,0,1,2.539658857,3,0,1
2451,486,1,0,0,-1,0,1
2451,741,1,1,2.539802484,2,0,1
2451,741,0,0,0,-1,0,1
2451,811,1,1,2.539831919,2,1,1
2451,811,0,0,0,-1,0,1
2453,517,1,1,2.541448519,3,0,1
2453,517,0,1,1.678092257,62,0,1
2453,811,1,1,2.539841799,1,1,1
2453,811,0,0,0,-1,0,1
2453,741,1,1,2.539803963,2,0,1
2453,741,0,0,0,-1,0,1
2453,812,0,1,2.53970433,3,0,1
2453,812,1,0,0,-1,0,1
2455,517,1,1,2.541414527,3,0,1
2455,517,0,1,1.678712145,65,0,1
2455,132,1,1,2.539834228,2,1,1
2455,132,0,0,0,-1,0,1
2455,627,1,1,2.539826289,2,0,1
2455,627,0,0,0,-1,0,1
2455,812,0,1,2.53982218,3,0,1
2455,812,1,0,0,-1,0,1
2457,517,1,1,2.541459897,3,0,1
2457,517,0,1,1.678063693,62,0,1
2457,811,1,1,2.53984613,2,0,1
2457,811,0,0,0,-1,0,1
2457,741,1,1,2.539796176,1,1,1
2457,741,0,0,0,-1,0,1
2457,812,0,1,2.539717167,3,0,1
2457,812,1,0,0,-1,0,1
2459,517,1,1,2.541456972,3,0,1
2459,517,0,1,1.678180506,65,0,1
2459,486,0,1,2.539629891,3,0,1
2459,486,1,0,0,-1,0,1
2459,811,1,1,2.539862206,1,1,1
2459,811,0,0,0,-1,0,1
2459,741,1,1,2.539765771,1,0,1
2459,741,0,0,0,-1,0,1
2461,517,1,1,2.541456026,3,0,1
2461,517,0,1,1.678120837,62,0,1
2461,811,1,1,2.539819989,1,1,1
2461,811,0,0,0,-1,0,1
2461,741,1,1,2.539800607,2,0,1
2461,741,0,0,0,-1,0,1
2461,812,0,1,2.539704897,3,0,1
2461,812,1,0,0,-1,0,1
2463,517,1,1,2.541457457,3,0,1
2463,517,0,1,1.678040368,62,0,1
2463,811,1,1,2.539862978,1,1,1
2463,811,0,0,0,-1,0,1
2463,741,1,1,2.53980645,1,0,1
2463,741,0,0,0,-1,0,1
2463,812,0,1,2.539690067,3,0,1
2463,812,1,0,0,-1,0,1
2465,517,1,1,2.541449444,3,0,1
2465,517,0,1,1.678174522,62,0,1
2465,811,1,1,2.539844946,1,1,1
2465,811,0,0,0,-1,0,1
2465,741,1,1,2.539750678,1,0,1
2465,741,0,0,0,-1,0,1
2465,812,0,1,2.539703104,3,0,1
2465,812,1,0,0,-1,0,1
2467,517,1,1,2.54147103,3,0,1
2467,517,0,1,1.678165187,65,0,1
2467,811,1,1,2.539854082,2,0,1
2467,811,0,0,0,-1,0,1
2467,741,1,1,2.539753311,1,1,1
2467,741,0,0,0,-1,0,1
2467,812,0,1,2.539717352,3,0,1
2467,812,1,0,0,-1,0,1
2468,517,1,1,2.537766259,3,0,1
2468,517,0,1,1.674541219,62,0,1
2468,811,1,1,2.536132771,1,1,1
2468,811,0,0,0,-1,0,1
2468,812,0,1,2.535946345,3,0,1
2468,812,1,0,0,-1,0,1
2468,486,0,1,2.536209341,3,0,1
2468,486,1,0,0,-1,0,1
2470,517,1,1,2.537813388,3,0,1
2470,517,0,1,1.675746815,65,0,1
2470,627,1,1,2.536273882,2,1,1
2470,627,0,0,0,-1,0,1
2470,486,0,1,2.536038058,3,0,1
2470,486,1,0,0,-1,0,1
2470,812,0,1,2.536215998,3,0,1
2470,812,1,0,0,-1,0,1
2472,517,1,1,2.537478596,3,0,1
2472,517,0,1,1.674497482,62,0,1
2472,811,1,1,2.536216501,1,1,1
2472,811,0,0,0,-1,0,1
2472,812,0,1,2.535814118,3,0,1
2472,812,1,0,0,-1,0,1
2472,741,1,1,2.535836621,2,0,1
2472,741,0,0,0,-1,0,1
2474,517,1,1,2.537607338,3,0,1
2474,517,0,1,1.674666184,62,0,1
2474,188,0,1,2.536257087,1,1,1
2474,188,1,0,0,-1,0,1
2474,812,0,1,2.536206062,3,0,1
2474,812,1,0,0,-1,0,1
2474,741,1,1,2.536115304,1,0,1
2474,741,0,0,0,-1,0,1
2476,517,1,1,2.537820069,3,0,1
2476,517,0,1,1.675684046,62,0,1
2476,812,0,1,2.536263127,3,0,1
2476,812,1,0,0,-1,0,1
2476,627,1,1,2.536244549,2,0,1
2476,627,0,0,0,-1,0,1
2476,741,1,1,2.536163728,1,1,1
2476,741,0,0,0,-1,0,1
2478,517,1,1,2.537833814,3,0,1
2478,517,0,1,1.675703694,62,0,1
2478,486,0,1,2.536049551,3,0,1
2478,486,1,0,0,-1,0,1
2478,812,0,1,2.536258263,3,0,1
2478,812,1,0,0,-1,0,1
2478,627,1,1,2.536255448,2,1,1
2478,627,0,0,0,-1,0,1
2480,517,1,1,2.537824791,3,0,1
2480,517,0,1,1.675747827,62,0,1
2480,812,0,1,2.536274149,3,0,1
2480,812,1,0,0,-1,0,1
2480,627,1,1,2.536218036,2,0,1
2480,627,0,0,0,-1,0,1
2480,741,1,1,2.536172805,1,1,1
2480,741,0,0,0,-1,0,1
2482,517,1,1,2.537858931,3,0,1
2482,517,0,1,1.675659928,65,0,1
2482,486,0,1,2.536076406,3,0,1
2482,486,1,0,0,-1,0,1
2482,812,0,1,2.536263257,3,0,1
2482,812,1,0,0,-1,0,1
2482,627,1,1,2.536224004,2,1,1
2482,627,0,0,0,-1,0,1
2484,517,1,1,2.537823543,3,0,1
2484,517,0,1,1.67574893,65,0,1
2484,812,0,1,2.536264594,3,0,1
2484,812,1,0,0,-1,0,1
2484,627,1,1,2.53624474,2,0,1
2484,627,0,0,0,-1,0,1
2484,741,1,1,2.536138124,1,1,1
2484,741,0,0,0,-1,0,1
2486,517,1,1,2.537849626,3,0,1
2486,517,0,1,1.675661742,65,0,1
2486,486,0,1,2.53606019,3,0,1
2486,486,1,0,0,-1,0,1
2486,627,1,1,2.536250174,2,1,1
2486,627,0,0,0,-1,0,1
2486,812,0,1,2.536264027,3,0,1
2486,812,1,0,0,-1,0,1
2487,517,1,1,2.534225708,3,0,1
2487,517,0,1,1.672377984,65,0,1
2487,812,0,1,2.532730238,3,0,1
2487,812,1,0,0,-1,0,1
2487,741,1,1,2.53255598,1,1,1
2487,741,0,0,0,-1,0,1
2487,486,0,1,2.532475912,3,0,1
2487,486,1,0,0,-1,0,1
2489,517,1,1,2.534258518,3,0,1
2489,517,0,1,1.672368423,65,0,1
2489,812,0,1,2.532752126,3,0,1
2489,812,1,0,0,-1,0,1
2489,486,0,1,2.532472339,3,0,1
2489,486,1,0,0,-1,0,1
2489,741,1,1,2.532594444,1,1,1
2489,741,0,0,0,-1,0,1
2491,517,1,1,2.534248209,3,0,1
2491,517,0,1,1.672291776,62,0,1
2491,812,0,1,2.532741605,3,0,1
2491,812,1,0,0,-1,0,1
2491,486,0,1,2.53246137,3,0,1
2491,486,1,0,0,-1,0,1
2491,741,1,1,2.532554735,2,1,1
2491,741,0,0,0,-1,0,1
2493,517,1,1,2.534236044,3,0,1
2493,517,0,1,1.672305072,62,0,1
2493,812,0,1,2.532717752,3,0,1
2493,812,1,0,0,-1,0,1
2493,486,0,1,2.532461831,3,0,1
2493,486,1,0,0,-1,0,1
2493,741,1,1,2.532520103,1,1,1
2493,741,0,0,0,-1,0,1
2495,517,1,1,2.534242116,3,0,1
2495,517,0,1,1.672331886,62,0,1
2495,812,0,1,2.53275141,3,0,1
2495,812,1,0,0,-1,0,1
2495,486,0,1,2.532462852,3,0,1
2495,486,1,0,0,-1,0,1
2495,741,1,1,2.532570258,2,1,1
2495,741,0,0,0,-1,0,1
2497,517,1,1,2.534246651,3,0,1
2497,517,0,1,1.672385974,62,0,1
2497,812,0,1,2.53273976,3,0,1
2497,812,1,0,0,-1,0,1
2497,486,0,1,2.532453796,2,0,1
2497,486,1,0,0,-1,0,1
2497,741,1,1,2.532549816,1,1,1
2497,741,0,0,0,-1,0,1
2499,517,1,1,2.534179784,3,0,1
2499,517,0,1,1.672270895,62,0,1
2499,812,0,1,2.532671489,3,0,1
2499,812,1,0,0,-1,0,1
2499,486,0,1,2.532394598,3,0,1
2499,486,1,0,0,-1,0,1
2499,741,1,1,2.532552313,1,1,1
2499,741,0,0,0,-1,0,1
2501,517,1,1,2.534277933,3,0,1
2501,517,0,1,1.672388348,65,0,1
2501,812,0,1,2.532782648,3,0,1
2501,812,1,0,0,-1,0,1
2501,486,0,1,2.532502557,3,0,1
2501,486,1,0,0,-1,0,1
2501,741,1,1,2.532534538,1,1,1
2501,741,0,0,0,-1,0,1
2503,517,1,1,2.534287739,3,0,1
2503,517,0,1,1.67233071,65,0,1
2503,812,0,1,2.53279886,3,0,1
2503,812,1,0,0,-1,0,1
2503,486,0,1,2.532519585,3,0,1
2503,486,1,0,0,-1,0,1
2503,741,1,1,2.532598477,1,1,1
2503,741,0,0,0,-1,0,1
2505,517,1,1,2.534248539,3,0,1
2505,517,0,1,1.672354572,62,0,1
2505,812,0,1,2.532754202,3,0,1
2505,812,1,0,0,-1,0,1
2505,486,0,1,2.532479991,3,0,1
2505,486,1,0,0,-1,0,1
2505,741,1,1,2.532564769,2,1,1
2505,741,0,0,0,-1,0,1
2506,517,1,1,2.530574943,3,0,1
2506,517,0,1,1.668879095,62,0,1
2506,812,0,1,2.529054437,3,0,1
2506,812,1,0,0,-1,0,1
2506,486,0,1,2.529047465,3,0,1
2506,486,1,0,0,-1,0,1
2506,228,1,1,2.528719134,1,1,1
2506,228,0,1,-1.655544797,270,0,1
2508,517,1,1,2.530571875,3,0,1
2508,517,0,1,1.668906494,62,0,1
2508,486,0,1,2.529038462,3,0,1
2508,486,1,0,0,-1,0,1
2508,812,0,1,2.529053686,3,0,1
2508,812,1,0,0,-1,0,1
2508,228,1,1,2.528731601,1,1,1
2508,228,0,1,-1.655574234,270,0,1
2510,517,1,1,2.530486427,3,0,1
2510,517,0,1,1.668789315,62,0,1
2510,486,0,1,2.528954429,3,0,1
2510,486,1,0,0,-1,0,1
2510,812,0,1,2.528958366,3,0,1
2510,812,1,0,0,-1,0,1
2510,228,1,1,2.528702863,1,1,1
2510,228,0,1,-1.655626523,270,0,1
2512,517,1,1,2.530493025,3,0,1
2512,517,0,1,1.668771898,62,0,1
2512,812,0,1,2.528970281,3,0,1
2512,812,1,0,0,-1,0,1
2512,486,0,1,2.528978651,3,0,1
2512,486,1,0,0,-1,0,1
2512,228,1,1,2.528618066,1,1,1
2512,228,0,1,-1.655639463,270,0,1
2514,517,1,1,2.530515348,3,0,1
2514,517,0,1,1.668869695,62,0,1
2514,812,0,1,2.529004635,3,0,1
2514,812,1,0,0,-1,0,1
2514,486,0,1,2.528997395,3,0,1
2514,486,1,0,0,-1,0,1
2514,228,1,1,2.528601309,1,1,1
2514,228,0,1,-1.655597323,270,0,1
2516,517,1,1,2.530542452,3,0,1
2516,517,0,1,1.668876269,62,0,1
2516,812,0,1,2.529037863,3,0,1
2516,812,1,0,0,-1,0,1
2516,486,0,1,2.529012382,3,0,1
2516,486,1,0,0,-1,0,1
2516,228,1,1,2.528632519,1,1,1
2516,228,0,1,-1.655584312,270,0,1
2518,517,1,1,2.530532913,3,0,1
2518,517,0,1,1.668837547,62,0,1
2518,812,0,1,2.529014866,3,0,1
2518,812,1,0,0,-1,0,1
2518,486,0,1,2.528995499,3,0,1
2518,486,1,0,0,-1,0,1
2518,228,1,1,2.528661399,1,1,1
2518,228,0,1,-1.655615485,270,0,1
2520,517,1,1,2.530519848,3,0,1
2520,517,0,1,1.668794586,62,0,1
2520,812,0,1,2.528990373,3,0,1
2520,812,1,0,0,-1,0,1
2520,486,0,1,2.528979879,3,0,1
2520,486,1,0,0,-1,0,1
2520,228,1,1,2.528647112,1,1,1
2520,228,0,1,-1.65564244,270,0,1
2522,517,1,1,2.530534996,3,0,1
2522,517,0,1,1.668787731,62,0,1
2522,812,0,1,2.529003026,3,0,1
2522,812,1,0,0,-1,0,1
2522,486,0,1,2.528992658,3,0,1
2522,486,1,0,0,-1,0,1
2522,228,1,1,2.528650771,1,1,1
2522,228,0,1,-1.655630154,270,0,1
2524,517,1,1,2.53054039,3,0,1
2524,517,0,1,1.668856394,62,0,1
2524,812,0,1,2.529009634,3,0,1
2524,812,1,0,0,-1,0,1
2524,486,0,1,2.529002519,3,0,1
2524,486,1,0,0,-1,0,1
2524,228,1,1,2.528641903,1,1,1
2524,228,0,1,-1.655603967,270,0,1
2525,517,1,1,2.526721098,3,0,1
2525,517,0,1,1.666331244,65,0,1
2525,486,0,1,2.525346167,2,1,1
2525,486,1,0,0,-1,0,1
2525,812,0,1,2.525237976,3,0,1
2525,812,1,0,0,-1,0,1
2525,193,0,1,2.524865469,3,0,1
2525,193,1,0,0,-1,0,1
2527,517,1,1,2.527018683,3,0,1
2527,517,0,1,1.666681522,62,0,1
2527,812,0,1,2.525535611,3,0,1
2527,812,1,0,0,-1,0,1
2527,193,0,1,2.525303343,3,0,1
2527,193,1,0,0,-1,0,1
2527,228,1,1,2.525319031,2,1,1
2527,228,0,1,-1.681130655,276,0,1
2529,517,1,1,2.527088171,3,0,1
2529,517,0,1,1.666617435,65,0,1
2529,812,0,1,2.525579817,3,0,1
2529,812,1,0,0,-1,0,1
2529,193,0,1,2.525379348,3,0,1
2529,193,1,0,0,-1,0,1
2529,228,1,1,2.525284031,1,1,1
2529,228,0,1,-1.68116804,276,0,1
2531,517,1,1,2.526751689,3,0,1
2531,517,0,1,1.667500059,62,0,1
2531,741,1,1,2.525274221,1,1,1
2531,741,0,0,0,-1,0,1
2531,812,0,1,2.525292537,3,0,1
2531,812,1,0,0,-1,0,1
2531,193,0,1,2.524806098,3,0,1
2531,193,1,0,0,-1,0,1
2533,517,1,1,2.527023756,3,0,1
2533,517,0,1,1.666618623,62,0,1
2533,812,0,1,2.525539782,3,0,1
2533,812,1,0,0,-1,0,1
2533,228,1,1,2.525319678,1,1,1
2533,228,0,1,-1.681199642,276,0,1
2533,193,0,1,2.525306014,3,0,1
2533,193,1,0,0,-1,0,1
2535,517,1,1,2.527052736,3,0,1
2535,517,0,1,1.66660753,62,0,1
2535,812,0,1,2.52554208,3,0,1
2535,812,1,0,0,-1,0,1
2535,228,1,1,2.525273247,1,1,1
2535,228,0,1,-1.681130858,276,0,1
2535,193,0,1,2.525346226,3,0,1
2535,193,1,0,0,-1,0,1
2537,517,1,1,2.527007394,3,0,1
2537,517,0,1,1.666664505,62,0,1
2537,812,0,1,2.525493887,3,0,1
2537,812,1,0,0,-1,0,1
2537,193,0,1,2.525288808,3,0,1
2537,193,1,0,0,-1,0,1
2537,228,1,1,2.525246412,1,1,1
2537,228,0,1,-1.681138333,276,0,1
2539,517,1,1,2.527006133,3,0,1
2539,517,0,1,1.666642955,62,0,1
2539,812,0,1,2.525491807,3,0,1
2539,812,1,0,0,-1,0,1
2539,228,1,1,2.525221139,1,1,1
2539,228,0,1,-1.681209519,276,0,1
2539,193,0,1,2.525275886,3,0,1
2539,193,1,0,0,-1,0,1
2541,517,1,1,2.527040221,3,0,1
2541,517,0,1,1.666659208,62,0,1
2541,812,0,1,2.525523357,3,0,1
2541,812,1,0,0,-1,0,1
2541,228,1,1,2.525213107,1,1,1
2541,228,0,1,-1.681232521,276,0,1
2541,193,0,1,2.52532473,3,0,1
2541,193,1,0,0,-1,0,1
2543,517,1,1,2.527027465,3,0,1
2543,517,0,1,1.666665457,62,0,1
2543,812,0,1,2.525510458,3,0,1
2543,812,1,0,0,-1,0,1
2543,228,1,1,2.525226929,1,1,1
2543,228,0,1,-1.681220849,276,0,1
2543,193,0,1,2.525318176,3,0,1
2543,193,1,0,0,-1,0,1
2544,517,1,1,2.523301364,3,1,1
2544,517,0,1,1.664159612,62,0,1
2544,812,0,1,2.521822866,3,0,1
2544,812,1,0,0,-1,0,1
2544,193,0,1,2.52164226,3,0,1
2544,193,1,0,0,-1,0,1
2544,682,1,1,2.521452739,3,0,1
2544,682,0,0,0,-1,0,1
2546,803,1,1,2.523679919,3,0,1
2546,803,0,0,0,-1,0,1
2546,812,0,1,2.523548589,3,0,1
2546,812,1,0,0,-1,0,1
2546,193,0,1,2.523378054,3,0,1
2546,193,1,0,0,-1,0,1
2546,228,1,1,2.523293157,1,1,1
2546,228,0,1,-1.684324263,276,0,1
2548,803,1,1,2.523680041,3,0,1
2548,803,0,0,0,-1,0,1
2548,812,0,1,2.523553781,3,0,1
2548,812,1,0,0,-1,0,1
2548,193,0,1,2.523377381,3,0,1
2548,193,1,0,0,-1,0,1
2548,228,1,1,2.523270304,1,1,1
2548,228,0,1,-1.684373327,276,0,1
2550,803,1,1,2.523665829,3,0,1
2550,803,0,0,0,-1,0,1
2550,812,0,1,2.523533279,3,0,1
2550,812,1,0,0,-1,0,1
2550,193,0,1,2.523347493,3,0,1
2550,193,1,0,0,-1,0,1
2550,228,1,1,2.523295564,1,1,1
2550,228,0,1,-1.684312149,276,0,1
2552,803,1,1,2.523635824,3,0,1
2552,803,0,0,0,-1,0,1
2552,812,0,1,2.523499632,3,0,1
2552,812,1,0,0,-1,0,1
2552,193,0,1,2.523326546,3,0,1
2552,193,1,0,0,-1,0,1
2552,228,1,1,2.523245692,1,1,1
2552,228,0,1,-1.684330362,276,0,1
2554,803,1,1,2.523663455,3,0,1
2554,803,0,0,0,-1,0,1
2554,812,0,1,2.523519818,3,0,1
2554,812,1,0,0,-1,0,1
2554,193,0,1,2.523351747,3,0,1
2554,193,1,0,0,-1,0,1
2554,228,1,1,2.523237505,1,1,1
2554,228,0,1,-1.684338196,276,0,1
2556,803,1,1,2.523671647,3,0,1
2556,803,0,0,0,-1,0,1
2556,812,0,1,2.523531336,3,0,1
2556,812,1,0,0,-1,0,1
2556,193,0,1,2.523353297,3,0,1
2556,193,1,0,0,-1,0,1
2556,228,1,1,2.523237678,1,1,1
2556,228,0,1,-1.684388699,276,0,1
2558,803,1,1,2.523683053,3,0,1
2558,803,0,0,0,-1,0,1
2558,812,0,1,2.523553565,3,0,1
2558,812,1,0,0,-1,0,1
2558,193,0,1,2.523373332,3,0,1
2558,193,1,0,0,-1,0,1
2558,228,1,1,2.523248354,1,1,1
2558,228,0,1,-1.684385885,276,0,1
2560,803,1,1,2.523657982,3,0,1
2560,803,0,0,0,-1,0,1
2560,812,0,1,2.523527834,3,0,1
2560,812,1,0,0,-1,0,1
2560,193,0,1,2.523354948,3,0,1
2560,193,1,0,0,-1,0,1
2560,228,1,1,2.523271656,1,1,1
2560,228,0,1,-1.684353279,276,0,1
2562,803,1,1,2.523657697,3,0,1
2562,803,0,0,0,-1,0,1
2562,812,0,1,2.523522103,3,0,1
2562,812,1,0,0,-1,0,1
2562,193,0,1,2.523346853,3,0,1
2562,193,1,0,0,-1,0,1
2562,228,1,1,2.523252856,1,1,1
2562,228,0,1,-1.684320782,276,0,1
2563,803,1,1,2.519967493,3,1,1
2563,803,0,0,0,-1,0,1
2563,812,0,1,2.519854312,3,0,1
2563,812,1,0,0,-1,0,1
2563,193,0,1,2.519689982,3,0,1
2563,193,1,0,0,-1,0,1
2563,682,1,1,2.519485113,3,0,1
2563,682,0,0,0,-1,0,1
2565,207,1,1,2.520259461,1,1,1
2565,207,0,0,0,-1,0,1
2565,812,0,1,2.520186231,3,0,1
2565,812,1,0,0,-1,0,1
2565,193,0,1,2.520061795,3,0,1
2565,193,1,0,0,-1,0,1
2565,228,1,1,2.519951882,1,0,1
2565,228,0,1,-1.689183251,276,0,1
2567,627,1,1,2.520301382,2,1,1
2567,627,0,0,0,-1,0,1
2567,812,0,1,2.520194041,3,0,1
2567,812,1,0,0,-1,0,1
2567,193,0,1,2.520209976,3,0,1
2567,193,1,0,0,-1,0,1
2567,682,1,1,2.519945701,3,0,1
2567,682,0,0,0,-1,0,1
2569,812,0,1,2.520267911,3,0,1
2569,812,1,0,0,-1,0,1
2569,132,1,1,2.520267292,2,0,1
2569,132,0,0,0,-1,0,1
2569,193,0,1,2.52021927,3,0,1
2569,193,1,0,0,-1,0,1
2569,228,1,1,2.520081738,1,1,1
2569,228,0,1,-1.688305866,276,0,1
2571,812,0,1,2.520257035,3,0,1
2571,812,1,0,0,-1,0,1
2571,132,1,1,2.520269885,2,0,1
2571,132,0,0,0,-1,0,1
2571,193,0,1,2.520221409,3,0,1
2571,193,1,0,0,-1,0,1
2571,228,1,1,2.520045458,1,1,1
2571,228,0,1,-1.688392315,276,0,1
2573,812,0,1,2.520210724,3,0,1
2573,812,1,0,0,-1,0,1
2573,132,1,1,2.520329474,2,0,1
2573,132,0,0,0,-1,0,1
2573,193,0,1,2.520163496,3,0,1
2573,193,1,0,0,-1,0,1
2573,228,1,1,2.520009855,1,1,1
2573,228,0,1,-1.688343177,276,0,1
2575,812,0,1,2.520208244,3,0,1
2575,812,1,0,0,-1,0,1
2575,132,1,1,2.520339971,2,0,1
2575,132,0,0,0,-1,0,1
2575,193,0,1,2.520150442,3,0,1
2575,193,1,0,0,-1,0,1
2575,228,1,1,2.51996335,1,1,1
2575,228,0,1,-1.688379187,276,0,1
2577,812,0,1,2.520229648,3,0,1
2577,812,1,0,0,-1,0,1
2577,132,1,1,2.520313577,2,0,1
2577,132,0,0,0,-1,0,1
2577,193,0,1,2.520177498,3,0,1
2577,193,1,0,0,-1,0,1
2577,228,1,1,2.519945254,1,1,1
2577,228,0,1,-1.68840147,276,0,1
2579,812,0,1,2.520233887,3,0,1
2579,812,1,0,0,-1,0,1
2579,193,0,1,2.520184356,3,0,1
2579,193,1,0,0,-1,0,1
2579,132,1,1,2.520304722,2,0,1
2579,132,0,0,0,-1,0,1
2579,228,1,1,2.519964184,1,1,1
2579,228,0,1,-1.688436024,276,0,1
2581,812,0,1,2.520238764,3,0,1
2581,812,1,0,0,-1,0,1
2581,193,0,1,2.520188242,3,0,1
2581,193,1,0,0,-1,0,1
2581,132,1,1,2.520303009,2,0,1
2581,132,0,0,0,-1,0,1
2581,228,1,1,2.519979295,1,1,1
2581,228,0,1,-1.688410774,276,0,1
2582,812,0,1,2.516513535,3,0,1
2582,812,1,0,0,-1,0,1
2582,193,0,1,2.516476496,3,0,1
2582,193,1,0,0,-1,0,1
2582,132,1,1,2.516538429,2,1,1
2582,132,0,0,0,-1,0,1
2582,156,0,1,2.516192365,3,0,1
2582,156,1,0,0,-1,0,1
2584,193,0,1,2.516676327,3,0,1
2584,193,1,0,0,-1,0,1
2584,812,0,1,2.516739937,3,0,1
2584,812,1,0,0,-1,0,1
2584,228,1,1,2.516551459,1,1,1
2584,228,0,1,-1.687808899,273,0,1
2584,156,0,1,2.516360266,3,0,1
2584,156,1,0,0,-1,0,1
2586,812,0,1,2.516701202,3,0,1
2586,812,1,0,0,-1,0,1
2586,193,0,1,2.51664914,3,0,1
2586,193,1,0,0,-1,0,1
2586,228,1,1,2.516463491,1,1,1
2586,228,0,1,-1.6878677,273,0,1
2586,156,0,1,2.516333909,3,0,1
2586,156,1,0,0,-1,0,1
2588,812,0,1,2.516674764,3,0,1
2588,812,1,0,0,-1,0,1
2588,193,0,1,2.516606681,3,0,1
2588,193,1,0,0,-1,0,1
2588,228,1,1,2.516419934,1,1,1
2588,228,0,1,-1.687907082,273,0,1
2588,682,1,1,2.516337588,3,0,1
2588,682,0,0,0,-1,0,1
2590,812,0,1,2.516690632,3,0,1
2590,812,1,0,0,-1,0,1
2590,193,0,1,2.516630789,3,0,1
2590,193,1,0,0,-1,0,1
2590,228,1,1,2.516393473,1,1,1
2590,228,0,1,-1.687965149,273,0,1
2590,682,1,1,2.516352262,3,0,1
2590,682,0,0,0,-1,0,1
2592,812,0,1,2.516705518,3,0,1
2592,812,1,0,0,-1,0,1
2592,193,0,1,2.516631901,3,0,1
2592,193,1,0,0,-1,0,1
2592,228,1,1,2.516403368,1,1,1
2592,228,0,1,-1.687908178,273,0,1
2592,682,1,1,2.516358901,3,0,1
2592,682,0,0,0,-1,0,1
2594,812,0,1,2.51670365,3,0,1
2594,812,1,0,0,-1,0,1
2594,193,0,1,2.516634934,3,0,1
2594,193,1,0,0,-1,0,1
2594,228,1,1,2.51641531,1,1,1
2594,228,0,1,-1.687903607,273,0,1
2594,682,1,1,2.516359861,3,0,1
2594,682,0,0,0,-1,0,1
2596,812,0,1,2.516703448,3,0,1
2596,812,1,0,0,-1,0,1
2596,193,0,1,2.516628494,3,0,1
2596,193,1,0,0,-1,0,1
2596,228,1,1,2.51642479,1,1,1
2596,228,0,1,-1.687887314,273,0,1
2596,682,1,1,2.516365219,3,0,1
2596,682,0,0,0,-1,0,1
2598,812,0,1,2.516702589,3,0,1
2598,812,1,0,0,-1,0,1
2598,193,0,1,2.516641353,3,0,1
2598,193,1,0,0,-1,0,1
2598,228,1,1,2.516428762,1,1,1
2598,228,0,1,-1.687905874,273,0,1
2598,682,1,1,2.516368622,3,0,1
2598,682,0,0,0,-1,0,1
2600,812,0,1,2.516712344,3,0,1
2600,812,1,0,0,-1,0,1
2600,193,0,1,2.516648457,3,0,1
2600,193,1,0,0,-1,0,1
2600,228,1,1,2.516433229,1,1,1
2600,228,0,1,-1.687912446,273,0,1
2600,682,1,1,2.516375289,3,0,1
2600,682,0,0,0,-1,0,1
2601,812,0,1,2.513031741,3,1,1
2601,812,1,0,0,-1,0,1
2601,193,0,1,2.51298181,3,0,1
2601,193,1,0,0,-1,0,1
2601,156,0,1,2.512667361,3,0,1
2601,156,1,0,0,-1,0,1
2601,682,1,1,2.512696603,3,0,1
2601,682,0,0,0,-1,0,1
2603,198,1,1,2.513895253,1,1,1
2603,198,0,0,0,-1,0,1
2603,193,0,1,2.513205403,3,0,1
2603,193,1,0,0,-1,0,1
2603,228,1,1,2.513048682,1,0,1
2603,228,0,1,-1.697314441,273,0,1
2603,682,1,1,2.512947538,3,0,1
2603,682,0,0,0,-1,0,1
2605,132,1,1,2.51389722,2,0,1
2605,132,0,0,0,-1,0,1
2605,546,0,1,2.513928966,2,0,1
2605,546,1,1,-0.6029534845,109,0,1
2605,193,0,1,2.513831211,3,0,1
2605,193,1,0,0,-1,0,1
2605,228,1,1,2.513691034,1,1,1
2605,228,0,1,-1.694799419,273,0,1
2607,546,0,1,2.513873819,2,0,1
2607,546,1,1,-0.6029381908,109,0,1
2607,132,1,1,2.513843426,2,0,1
2607,132,0,0,0,-1,0,1
2607,193,0,1,2.513824565,3,0,1
2607,193,1,0,0,-1,0,1
2607,228,1,1,2.513699728,1,1,1
2607,228,0,1,-1.694799854,273,0,1
2609,546,0,1,2.513900815,2,0,1
2609,546,1,1,-0.602937551,109,0,1
2609,132,1,1,2.513886877,2,0,1
2609,132,0,0,0,-1,0,1
2609,193,0,1,2.513768138,3,0,1
2609,193,1,0,0,-1,0,1
2609,228,1,1,2.513675409,1,1,1
2609,228,0,1,-1.694846289,273,0,1
2611,546,0,1,2.513908231,2,0,1
2611,546,1,1,-0.6029416987,109,0,1
2611,132,1,1,2.513914672,2,0,1
2611,132,0,0,0,-1,0,1
2611,193,0,1,2.513764518,3,0,1
2611,193,1,0,0,-1,0,1
2611,228,1,1,2.513636109,1,1,1
2611,228,0,1,-1.694890047,273,0,1
2613,546,0,1,2.513892145,2,0,1
2613,546,1,1,-0.6029476795,109,0,1
2613,132,1,1,2.513878495,2,0,1
2613,132,0,0,0,-1,0,1
2613,193,0,1,2.51380839,3,0,1
2613,193,1,0,0,-1,0,1
2613,228,1,1,2.513617268,1,1,1
2613,228,0,1,-1.69491868,273,0,1
2615,546,0,1,2.513889652,2,0,1
2615,546,1,1,-0.6029454592,109,0,1
2615,132,1,1,2.513876766,2,0,1
2615,132,0,0,0,-1,0,1
2615,193,0,1,2.513816074,3,0,1
2615,193,1,0,0,-1,0,1
2615,228,1,1,2.513634711,1,1,1
2615,228,0,1,-1.694921063,273,0,1
2617,546,0,1,2.51389433,2,0,1
2617,546,1,1,-0.6029432524,109,0,1
2617,132,1,1,2.513867777,2,0,1
2617,132,0,0,0,-1,0,1
2617,193,0,1,2.513813493,3,0,1
2617,193,1,0,0,-1,0,1
2617,228,1,1,2.513642738,1,1,1
2617,228,0,1,-1.69489246,273,0,1
2619,546,0,1,2.513896064,2,0,1
2619,546,1,1,-0.6029406385,109,0,1
2619,132,1,1,2.513869698,2,0,1
2619,132,0,0,0,-1,0,1
2619,193,0,1,2.513799886,3,0,1
2619,193,1,0,0,-1,0,1
2619,228,1,1,2.513644427,1,1,1
2619,228,0,1,-1.694876855,273,0,1
2620,546,0,1,2.510202667,2,1,1
2620,546,1,1,-0.6055285927,109,0,1
2620,132,1,1,2.510178261,2,0,1
2620,132,0,0,0,-1,0,1
2620,193,0,1,2.510132205,3,0,1
2620,193,1,0,0,-1,0,1
2620,682,1,1,2.509883339,3,0,1
2620,682,0,0,0,-1,0,1
2622,193,0,1,2.510304544,3,0,1
2622,193,1,0,0,-1,0,1
2622,132,1,1,2.510391872,2,0,1
2622,132,0,0,0,-1,0,1
2622,228,1,1,2.510198189,1,1,1
2622,228,0,0,0,-1,0,1
2622,682,1,1,2.510032016,3,0,1
2622,682,0,0,0,-1,0,1
2624,193,0,1,2.510281084,3,0,1
2624,193,1,0,0,-1,0,1
2624,132,1,1,2.510411601,2,0,1
2624,132,0,0,0,-1,0,1
2624,228,1,1,2.510098646,1,1,1
2624,228,0,0,0,-1,0,1
2624,682,1,1,2.51000085,3,0,1
2624,682,0,0,0,-1,0,1
2626,193,0,1,2.510274506,3,0,1
2626,193,1,0,0,-1,0,1
2626,132,1,1,2.510432751,2,0,1
2626,132,0,0,0,-1,0,1
2626,228,1,1,2.510063479,1,1,1
2626,228,0,0,0,-1,0,1
2626,682,1,1,2.509993866,3,0,1
2626,682,0,0,0,-1,0,1
2628,193,0,1,2.510294168,3,0,1
2628,193,1,0,0,-1,0,1
2628,132,1,1,2.510426121,2,0,1
2628,132,0,0,0,-1,0,1
2628,228,1,1,2.510049178,1,1,1
2628,228,0,0,0,-1,0,1
2628,682,1,1,2.510011057,3,0,1
2628,682,0,0,0,-1,0,1
2630,193,0,1,2.510306957,3,0,1
2630,193,1,0,0,-1,0,1
2630,132,1,1,2.510413076,2,0,1
2630,132,0,0,0,-1,0,1
2630,228,1,1,2.510062375,1,1,1
2630,228,0,0,0,-1,0,1
2630,682,1,1,2.51001728,3,0,1
2630,682,0,0,0,-1,0,1
2632,193,0,1,2.510310725,3,0,1
2632,193,1,0,0,-1,0,1
2632,132,1,1,2.510413022,2,0,1
2632,132,0,0,0,-1,0,1
2632,228,1,1,2.510073991,1,1,1
2632,228,0,0,0,-1,0,1
2632,682,1,1,2.510019198,3,0,1
2632,682,0,0,0,-1,0,1
2634,193,0,1,2.510308189,3,0,1
2634,193,1,0,0,-1,0,1
2634,132,1,1,2.510408208,2,0,1
2634,132,0,0,0,-1,0,1
2634,228,1,1,2.510081382,1,1,1
2634,228,0,0,0,-1,0,1
2634,682,1,1,2.510026119,3,0,1
2634,682,0,0,0,-1,0,1
2636,193,0,1,2.510319688,3,0,1
2636,193,1,0,0,-1,0,1
2636,132,1,1,2.510392512,2,0,1
2636,132,0,0,0,-1,0,1
2636,228,1,1,2.510084795,1,1,1
2636,228,0,0,0,-1,0,1
2636,682,1,1,2.510032131,3,0,1
2636,682,0,0,0,-1,0,1
2638,193,0,1,2.51032538,3,0,1
2638,193,1,0,0,-1,0,1
2638,132,1,1,2.510385304,2,0,1
2638,132,0,0,0,-1,0,1
2638,228,1,1,2.510092774,1,1,1
2638,228,0,0,0,-1,0,1
2638,682,1,1,2.510039491,3,0,1
2638,682,0,0,0,-1,0,1
2639,193,0,1,2.506680545,3,0,1
2639,193,1,0,0,-1,0,1
2639,132,1,1,2.506689049,2,1,1
2639,132,0,0,0,-1,0,1
2639,682,1,1,2.506382933,3,0,1
2639,682,0,0,0,-1,0,1
2639,316,1,1,2.506370712,2,0,1
2639,316,0,1,-1.321458348,168,0,1
2641,193,0,1,2.506855118,3,0,1
2641,193,1,0,0,-1,0,1
2641,228,1,1,2.506697904,1,1,1
2641,228,0,0,0,-1,0,1
2641,682,1,1,2.506555675,3,0,1
2641,682,0,0,0,-1,0,1
2641,156,0,1,2.506421387,3,0,1
2641,156,1,0,0,-1,0,1
2643,193,0,1,2.506814744,3,0,1
2643,193,1,0,0,-1,0,1
2643,228,1,1,2.506606987,1,1,1
2643,228,0,0,0,-1,0,1
2643,682,1,1,2.506510359,3,0,1
2643,682,0,0,0,-1,0,1
2643,156,0,1,2.506388319,3,0,1
2643,156,1,0,0,-1,0,1
2645,193,0,1,2.506780752,3,0,1
2645,193,1,0,0,-1,0,1
2645,228,1,1,2.506563943,1,1,1
2645,228,0,0,0,-1,0,1
2645,682,1,1,2.50648924,3,0,1
2645,682,0,0,0,-1,0,1
2645,156,0,1,2.50633162,1,0,1
2645,156,1,0,0,-1,0,1
2647,193,0,1,2.506814915,3,0,1
2647,193,1,0,0,-1,0,1
2647,228,1,1,2.50654404,1,1,1
2647,228,0,0,0,-1,0,1
2647,682,1,1,2.506508355,3,0,1
2647,682,0,0,0,-1,0,1
2647,156,0,1,2.506351122,1,0,1
2647,156,1,0,0,-1,0,1
2649,193,0,1,2.506812681,3,0,1
2649,193,1,0,0,-1,0,1
2649,228,1,1,2.506557002,1,1,1
2649,228,0,0,0,-1,0,1
2649,682,1,1,2.506514508,3,0,1
2649,682,0,0,0,-1,0,1
2649,156,0,1,2.506358038,1,0,1
2649,156,1,0,0,-1,0,1
2651,193,0,1,2.506817039,3,0,1
2651,193,1,0,0,-1,0,1
2651,228,1,1,2.506573892,1,1,1
2651,228,0,0,0,-1,0,1
2651,682,1,1,2.5065208,3,0,1
2651,682,0,0,0,-1,0,1
2651,535,1,1,2.506560134,2,0,1
2651,535,0,0,0,-1,0,1
2653,193,0,1,2.506812233,3,0,1
2653,193,1,0,0,-1,0,1
2653,228,1,1,2.506584186,1,1,1
2653,228,0,0,0,-1,0,1
2653,682,1,1,2.506522012,3,0,1
2653,682,0,0,0,-1,0,1
2653,535,1,1,2.506446339,3,0,1
2653,535,0,0,0,-1,0,1
2655,193,0,1,2.506823854,3,0,1
2655,193,1,0,0,-1,0,1
2655,228,1,1,2.50658778,1,1,1
2655,228,0,0,0,-1,0,1
2655,682,1,1,2.506525327,3,0,1
2655,682,0,0,0,-1,0,1
2655,535,1,1,2.506451037,3,0,1
2655,535,0,0,0,-1,0,1
2657,193,0,1,2.50683243,3,0,1
2657,193,1,0,0,-1,0,1
2657,228,1,1,2.506591138,1,1,1
2657,228,0,0,0,-1,0,1
2657,682,1,1,2.506536054,3,0,1
2657,682,0,0,0,-1,0,1
2657,535,1,1,2.506460758,3,0,1
2657,535,0,0,0,-1,0,1
2658,193,0,1,2.503229777,3,0,1
2658,193,1,0,0,-1,0,1
2658,682,1,1,2.50291908,3,0,1
2658,682,0,0,0,-1,0,1
2658,316,1,1,2.502939883,2,1,1
2658,316,0,1,-1.325401615,169,0,1
2658,156,0,1,2.502802145,3,0,1
2658,156,1,0,0,-1,0,1
2660,193,0,1,2.503204552,3,0,1
2660,193,1,0,0,-1,0,1
2660,682,1,1,2.502916012,3,0,1
2660,682,0,0,0,-1,0,1
2660,316,1,1,2.502906708,1,1,1
2660,316,0,1,-1.327373023,168,0,1
2660,535,1,1,2.50292026,3,0,1
2660,535,0,0,0,-1,0,1
2662,193,0,1,2.503239544,3,0,1
2662,193,1,0,0,-1,0,1
2662,682,1,1,2.502952688,3,0,1
2662,682,0,0,0,-1,0,1
2662,316,1,1,2.50292374,2,1,1
2662,316,0,1,-1.325372286,169,0,1
2662,535,1,1,2.502922814,2,0,1
2662,535,0,0,0,-1,0,1
2664,193,0,1,2.503241187,3,0,1
2664,193,1,0,0,-1,0,1
2664,682,1,1,2.502947786,3,0,1
2664,682,0,0,0,-1,0,1
2664,316,1,1,2.502941739,1,1,1
2664,316,0,1,-1.32539349,169,0,1
2664,535,1,1,2.502911033,2,0,1
2664,535,0,0,0,-1,0,1
2666,193,0,1,2.503248192,3,0,1
2666,193,1,0,0,-1,0,1
2666,682,1,1,2.502967249,3,0,1
2666,682,0,0,0,-1,0,1
2666,316,1,1,2.502912968,1,1,1
2666,316,0,1,-1.32539322,169,0,1
2666,535,1,1,2.502908315,2,0,1
2666,535,0,0,0,-1,0,1
2668,193,0,1,2.50322895,3,0,1
2668,193,1,0,0,-1,0,1
2668,682,1,1,2.502950647,3,0,1
2668,682,0,0,0,-1,0,1
2668,316,1,1,2.502915019,2,1,1
2668,316,0,1,-1.325363196,169,0,1
2668,535,1,1,2.502910079,2,0,1
2668,535,0,0,0,-1,0,1
2670,193,0,1,2.503207607,3,0,1
2670,193,1,0,0,-1,0,1
2670,682,1,1,2.502929309,3,0,1
2670,682,0,0,0,-1,0,1
2670,316,1,1,2.502945782,2,1,1
2670,316,0,1,-1.324957218,180,0,1
2670,535,1,1,2.502944064,2,0,1
2670,535,0,0,0,-1,0,1
2672,193,0,1,2.503229047,3,0,1
2672,193,1,0,0,-1,0,1
2672,682,1,1,2.50294419,3,0,1
2672,682,0,0,0,-1,0,1
2672,316,1,1,2.502941364,2,0,1
2672,316,0,1,-1.325418288,169,0,1
2672,535,1,1,2.5029498,2,1,1
2672,535,0,0,0,-1,0,1
2674,193,0,1,2.503224948,3,0,1
2674,193,1,0,0,-1,0,1
2674,316,1,1,2.502907868,1,1,1
2674,316,0,1,-1.325386408,169,0,1
2674,682,1,1,2.502942955,3,0,1
2674,682,0,0,0,-1,0,1
2674,535,1,1,2.502931467,2,0,1
2674,535,0,0,0,-1,0,1
2676,193,0,1,2.503234346,3,0,1
2676,193,1,0,0,-1,0,1
2676,535,1,1,2.5028873,2,0,1
2676,535,0,0,0,-1,0,1
2676,682,1,1,2.502966349,3,0,1
2676,682,0,0,0,-1,0,1
2676,316,1,1,2.502919324,2,1,1
2676,316,0,1,-1.325382536,169,0,1
2677,193,0,1,2.499497217,3,0,1
2677,193,1,0,0,-1,0,1
2677,682,1,1,2.499201528,3,0,1
2677,682,0,0,0,-1,0,1
2677,535,1,1,2.499198648,2,0,1
2677,535,0,0,0,-1,0,1
2677,156,0,1,2.499082503,1,1,1
2677,156,1,0,0,-1,0,1
2679,193,0,1,2.499472405,3,0,1
2679,193,1,0,0,-1,0,1
2679,682,1,1,2.499207563,3,0,1
2679,682,0,0,0,-1,0,1
2679,535,1,1,2.499202357,2,1,1
2679,535,0,0,0,-1,0,1
2679,156,0,1,2.499074978,3,0,1
2679,156,1,0,0,-1,0,1
2681,193,0,1,2.49949876,3,0,1
2681,193,1,0,0,-1,0,1
2681,535,1,1,2.499261565,2,1,1
2681,535,0,0,0,-1,0,1
2681,682,1,1,2.499216344,3,0,1
2681,682,0,0,0,-1,0,1
2681,156,0,1,2.499084972,3,0,1
2681,156,1,0,0,-1,0,1
2683,193,0,1,2.499470732,3,0,1
2683,193,1,0,0,-1,0,1
2683,316,1,1,2.499223775,1,1,1
2683,316,0,1,-1.331027858,168,0,1
2683,682,1,1,2.499259695,2,0,1
2683,682,0,0,0,-1,0,1
2683,156,0,1,2.499064695,3,0,1
2683,156,1,0,0,-1,0,1
2685,193,0,1,2.499498801,3,0,1
2685,193,1,0,0,-1,0,1
2685,682,1,1,2.499224572,3,0,1
2685,682,0,0,0,-1,0,1
2685,316,1,1,2.499266406,2,1,1
2685,316,0,1,-1.331027543,168,0,1
2685,150,1,1,2.499124767,2,0,1
2685,150,0,0,0,-1,0,1
2687,193,0,1,2.499461694,3,0,1
2687,193,1,0,0,-1,0,1
2687,316,1,1,2.499267485,1,1,1
2687,316,0,1,-1.330996352,168,0,1
2687,682,1,1,2.499220071,3,0,1
2687,682,0,0,0,-1,0,1
2687,150,1,1,2.49910692,2,0,1
2687,150,0,0,0,-1,0,1
2689,193,0,1,2.49948666,3,0,1
2689,193,1,0,0,-1,0,1
2689,316,1,1,2.499246385,1,1,1
2689,316,0,1,-1.331014396,168,0,1
2689,682,1,1,2.499248815,3,0,1
2689,682,0,0,0,-1,0,1
2689,150,1,1,2.499117374,2,0,1
2689,150,0,0,0,-1,0,1
2691,193,0,1,2.49948451,3,0,1
2691,193,1,0,0,-1,0,1
2691,535,1,1,2.499233026,2,1,1
2691,535,0,0,0,-1,0,1
2691,682,1,1,2.499235319,3,0,1
2691,682,0,0,0,-1,0,1
2691,150,1,1,2.499075457,2,0,1
2691,150,0,0,0,-1,0,1
2693,193,0,1,2.499495497,3,0,1
2693,193,1,0,0,-1,0,1
2693,682,1,1,2.499245622,3,0,1
2693,682,0,0,0,-1,0,1
2693,316,1,1,2.499259113,2,1,1
2693,316,0,1,-1.331015815,168,0,1
2693,150,1,1,2.499112403,2,0,1
2693,150,0,0,0,-1,0,1
2695,193,0,1,2.499495056,3,0,1
2695,193,1,0,0,-1,0,1
2695,682,1,1,2.499228263,3,0,1
2695,682,0,0,0,-1,0,1
2695,316,1,1,2.499269126,1,1,1
2695,316,0,1,-1.331012191,168,0,1
2695,150,1,1,2.499110068,2,0,1
2695,150,0,0,0,-1,0,1
2696,193,0,1,2.49585398,3,0,1
2696,193,1,0,0,-1,0,1
2696,682,1,1,2.495571578,3,0,1
2696,682,0,0,0,-1,0,1
2696,150,1,1,2.495463994,2,1,1
2696,150,0,0,0,-1,0,1
2696,156,0,1,2.495454303,3,0,1
2696,156,1,0,0,-1,0,1
2698,193,0,1,2.495860013,3,0,1
2698,193,1,0,0,-1,0,1
2698,682,1,1,2.495590124,3,0,1
2698,682,0,0,0,-1,0,1
2698,156,0,1,2.495458623,3,0,1
2698,156,1,0,0,-1,0,1
2698,150,1,1,2.495487238,2,1,1
2698,150,0,0,0,-1,0,1
2700,193,0,1,2.495855202,3,0,1
2700,193,1,0,0,-1,0,1
2700,682,1,1,2.495596465,3,0,1
2700,682,0,0,0,-1,0,1
2700,156,0,1,2.49545937,3,0,1
2700,156,1,0,0,-1,0,1
2700,150,1,1,2.495489279,2,1,1
2700,150,0,0,0,-1,0,1
2702,193,0,1,2.495870949,3,0,1
2702,193,1,0,0,-1,0,1
2702,682,1,1,2.495614052,3,0,1
2702,682,0,0,0,-1,0,1
2702,150,1,1,2.495466294,2,1,1
2702,150,0,0,0,-1,0,1
2702,156,0,1,2.495487015,3,0,1
2702,156,1,0,0,-1,0,1
2704,193,0,1,2.495876265,3,0,1
2704,193,1,0,0,-1,0,1
2704,682,1,1,2.495566693,2,1,1
2704,682,0,0,0,-1,0,1
2704,150,1,1,2.495455531,2,0,1
2704,150,0,0,0,-1,0,1
2704,156,0,1,2.495489451,3,0,1
2704,156,1,0,0,-1,0,1
2706,193,0,1,2.495771248,3,0,1
2706,193,1,0,0,-1,0,1
2706,316,1,1,2.495559581,2,1,1
2706,316,0,1,-1.335327068,169,0,1
2706,150,1,1,2.495413064,2,0,1
2706,150,0,0,0,-1,0,1
2706,156,0,1,2.495387709,3,0,1
2706,156,1,0,0,-1,0,1
2708,193,0,1,2.495794986,3,0,1
2708,193,1,0,0,-1,0,1
2708,535,1,1,2.495557476,2,1,1
2708,535,0,0,0,-1,0,1
2708,150,1,1,2.495393718,2,0,1
2708,150,0,0,0,-1,0,1
2708,58,0,1,2.495346272,3,0,1
2708,58,1,1,2.184602272,32,0,1
2710,193,0,1,2.495790435,3,0,1
2710,193,1,0,0,-1,0,1
2710,316,1,1,2.495590823,2,1,1
2710,316,0,1,-1.335368464,169,0,1
2710,150,1,1,2.495443567,2,0,1
2710,150,0,0,0,-1,0,1
2710,58,0,1,2.495450542,3,0,1
2710,58,1,1,2.182579549,32,0,1
2712,193,0,1,2.495789362,3,0,1
2712,193,1,0,0,-1,0,1
2712,316,1,1,2.495562651,2,1,1
2712,316,0,1,-1.337230767,168,0,1
2712,150,1,1,2.495430752,2,0,1
2712,150,0,0,0,-1,0,1
2712,58,0,1,2.495436205,3,0,1
2712,58,1,1,2.182611161,32,0,1
2714,193,0,1,2.495798517,3,0,1
2714,193,1,0,0,-1,0,1
2714,316,1,1,2.495562945,1,1,1
2714,316,0,1,-1.335311531,169,0,1
2714,150,1,1,2.495466301,2,0,1
2714,150,0,0,0,-1,0,1
2714,58,0,1,2.495427518,3,0,1
2714,58,1,1,2.182601012,32,0,1
2715,193,0,1,2.492226581,3,0,1
2715,193,1,0,0,-1,0,1
2715,150,1,1,2.491831209,2,1,1
2715,150,0,0,0,-1,0,1
2715,58,0,1,2.491793592,3,0,1
2715,58,1,1,2.177079013,32,0,1
2715,156,0,1,2.491806753,3,0,1
2715,156,1,0,0,-1,0,1
2717,193,0,1,2.492214616,3,0,1
2717,193,1,0,0,-1,0,1
2717,150,1,1,2.491828575,2,1,1
2717,150,0,0,0,-1,0,1
2717,156,0,1,2.491790191,3,0,1
2717,156,1,0,0,-1,0,1
2717,58,0,1,2.491803012,3,0,1
2717,58,1,1,2.176132293,33,0,1
2719,193,0,1,2.492232147,3,0,1
2719,193,1,0,0,-1,0,1
2719,150,1,1,2.491836735,2,1,1
2719,150,0,0,0,-1,0,1
2719,156,0,1,2.491820963,3,0,1
2719,156,1,0,0,-1,0,1
2719,58,0,1,2.491837008,3,0,1
2719,58,1,1,2.176157506,33,0,1
2721,193,0,1,2.492241553,3,0,1
2721,193,1,0,0,-1,0,1
2721,150,1,1,2.491810731,2,1,1
2721,150,0,0,0,-1,0,1
2721,58,0,1,2.491846275,3,0,1
2721,58,1,1,2.176262106,34,0,1
2721,156,0,1,2.491829276,3,0,1
2721,156,1,0,0,-1,0,1
2723,193,0,1,2.492259117,3,0,1
2723,193,1,0,0,-1,0,1
2723,150,1,1,2.491794473,2,1,1
2723,150,0,0,0,-1,0,1
2723,58,0,1,2.491856693,3,0,1
2723,58,1,1,2.176085811,33,0,1
2723,156,0,1,2.491841913,3,0,1
2723,156,1,0,0,-1,0,1
2725,193,0,1,2.49226584,3,0,1
2725,193,1,0,0,-1,0,1
2725,150,1,1,2.491785695,2,1,1
2725,150,0,0,0,-1,0,1
2725,58,0,1,2.491867282,3,0,1
2725,58,1,1,2.176103834,33,0,1
2725,156,0,1,2.49185599,3,0,1
2725,156,1,0,0,-1,0,1
2727,193,0,1,2.492281113,3,0,1
2727,193,1,0,0,-1,0,1
2727,150,1,1,2.491778158,2,1,1
2727,150,0,0,0,-1,0,1
2727,58,0,1,2.491885649,3,0,1
2727,58,1,1,2.176135955,33,0,1
2727,156,0,1,2.491874379,3,0,1
2727,156,1,0,0,-1,0,1
2729,193,0,1,2.492298028,3,0,1
2729,193,1,0,0,-1,0,1
2729,150,1,1,2.491772115,2,1,1
2729,150,0,0,0,-1,0,1
2729,58,0,1,2.491900239,3,0,1
2729,58,1,1,2.176212446,34,0,1
2729,156,0,1,2.491891583,3,0,1
2729,156,1,0,0,-1,0,1
2731,193,0,1,2.492309513,3,0,1
2731,193,1,0,0,-1,0,1
2731,150,1,1,2.491770828,2,1,1
2731,150,0,0,0,-1,0,1
2731,58,0,1,2.491908224,3,0,1
2731,58,1,1,2.176209935,34,0,1
2731,156,0,1,2.491900699,3,0,1
2731,156,1,0,0,-1,0,1
2733,193,0,1,2.492318834,3,0,1
2733,193,1,0,0,-1,0,1
2733,150,1,1,2.491768294,2,1,1
2733,150,0,0,0,-1,0,1
2733,58,0,1,2.491918564,3,0,1
2733,58,1,1,2.176224856,34,0,1
2733,156,0,1,2.491910443,3,0,1
2733,156,1,0,0,-1,0,1
2734,193,0,1,2.488633412,3,0,1
2734,193,1,0,0,-1,0,1
2734,58,0,1,2.488220144,3,0,1
2734,58,1,1,2.172133314,32,0,1
2734,156,0,1,2.488174696,3,0,1
2734,156,1,0,0,-1,0,1
2734,420,0,1,2.487934059,2,1,1
2734,420,1,0,0,-1,0,1
2736,193,0,1,2.488584161,3,0,1
2736,193,1,0,0,-1,0,1
2736,156,0,1,2.488139436,3,0,1
2736,156,1,0,0,-1,0,1
2736,58,0,1,2.488183786,3,0,1
2736,58,1,1,2.172140878,32,0,1
2736,420,0,1,2.488014367,2,1,1
2736,420,1,0,0,-1,0,1
2738,193,0,1,2.488532449,3,0,1
2738,193,1,0,0,-1,0,1
2738,58,0,1,2.488133431,3,0,1
2738,58,1,1,2.172160438,32,0,1
2738,156,0,1,2.488102899,3,0,1
2738,156,1,0,0,-1,0,1
2738,420,0,1,2.488035051,2,1,1
2738,420,1,0,0,-1,0,1
2740,193,0,1,2.488504297,3,0,1
2740,193,1,0,0,-1,0,1
2740,58,0,1,2.488105721,3,0,1
2740,58,1,1,2.172182366,32,0,1
2740,156,0,1,2.488083632,3,0,1
2740,156,1,0,0,-1,0,1
2740,420,0,1,2.488050687,2,1,1
2740,420,1,0,0,-1,0,1
2742,193,0,1,2.488481843,3,0,1
2742,193,1,0,0,-1,0,1
2742,58,0,1,2.488091518,3,0,1
2742,58,1,1,2.172215675,32,0,1
2742,156,0,1,2.488064064,3,0,1
2742,156,1,0,0,-1,0,1
2742,420,0,1,2.488059855,2,1,1
2742,420,1,0,0,-1,0,1
2744,193,0,1,2.488469045,3,0,1
2744,193,1,0,0,-1,0,1
2744,58,0,1,2.488079975,3,0,1
2744,58,1,1,2.172235712,32,0,1
2744,156,0,1,2.488055731,3,0,1
2744,156,1,0,0,-1,0,1
2744,420,0,1,2.488056192,2,1,1
2744,420,1,0,0,-1,0,1
2746,193,0,1,2.488461693,3,0,1
2746,193,1,0,0,-1,0,1
2746,58,0,1,2.488072621,3,0,1
2746,58,1,1,2.172240768,32,0,1
2746,156,0,1,2.488051762,3,0,1
2746,156,1,0,0,-1,0,1
2746,420,0,1,2.48805087,2,1,1
2746,420,1,0,0,-1,0,1
2748,193,0,1,2.48845785,3,0,1
2748,193,1,0,0,-1,0,1
2748,58,0,1,2.488066781,3,0,1
2748,58,1,1,2.172233213,32,0,1
2748,156,0,1,2.488050861,3,0,1
2748,156,1,0,0,-1,0,1
2748,420,0,1,2.488046492,2,1,1
2748,420,1,0,0,-1,0,1
2750,193,0,1,2.488455718,3,0,1
2750,193,1,0,0,-1,0,1
2750,58,0,1,2.488066351,3,0,1
2750,58,1,1,2.172235172,32,0,1
2750,156,0,1,2.488052589,3,0,1
2750,156,1,0,0,-1,0,1
2750,420,0,1,2.488040518,2,1,1
2750,420,1,0,0,-1,0,1
2752,193,0,1,2.488457532,3,0,1
2752,193,1,0,0,-1,0,1
2752,58,0,1,2.488069231,3,0,1
2752,58,1,1,2.172253716,32,0,1
2752,156,0,1,2.488055771,3,0,1
2752,156,1,0,0,-1,0,1
2752,420,0,1,2.488033785,2,1,1
2752,420,1,0,0,-1,0,1
2753,193,0,1,2.484699947,3,0,1
2753,193,1,0,0,-1,0,1
2753,156,0,1,2.484253078,3,0,1
2753,156,1,0,0,-1,0,1
2753,58,0,1,2.484297728,3,0,1
2753,58,1,1,2.166402575,32,0,1
2753,438,1,1,2.484083275,1,1,1
2753,438,0,0,0,-1,0,1
2755,193,0,1,2.484698067,3,0,1
2755,193,1,0,0,-1,0,1
2755,58,0,1,2.484337999,3,0,1
2755,58,1,1,2.166461568,32,0,1
2755,156,0,1,2.484298465,3,0,1
2755,156,1,0,0,-1,0,1
2755,438,1,1,2.484104509,1,1,1
2755,438,0,0,0,-1,0,1
2757,193,0,1,2.484689147,3,0,1
2757,193,1,0,0,-1,0,1
2757,58,0,1,2.484331099,3,0,1
2757,58,1,1,2.166456466,32,0,1
2757,156,0,1,2.48429009,3,0,1
2757,156,1,0,0,-1,0,1
2757,438,1,1,2.48409238,1,1,1
2757,438,0,0,0,-1,0,1
2759,193,0,1,2.484675927,3,0,1
2759,193,1,0,0,-1,0,1
2759,58,0,1,2.484304029,3,0,1
2759,58,1,1,2.166494235,32,0,1
2759,156,0,1,2.484248029,3,0,1
2759,156,1,0,0,-1,0,1
2759,438,1,1,2.484107921,1,1,1
2759,438,0,0,0,-1,0,1
2761,193,0,1,2.484661381,3,0,1
2761,193,1,0,0,-1,0,1
2761,58,0,1,2.484310705,3,0,1
2761,58,1,1,2.16575361,34,0,1
2761,156,0,1,2.484274683,3,0,1
2761,156,1,0,0,-1,0,1
2761,438,1,1,2.484083082,1,1,1
2761,438,0,0,0,-1,0,1
2763,193,0,1,2.484648223,3,0,1
2763,193,1,0,0,-1,0,1
2763,58,0,1,2.484293885,3,0,1
2763,58,1,1,2.166431766,32,0,1
2763,156,0,1,2.484250221,3,0,1
2763,156,1,0,0,-1,0,1
2763,438,1,1,2.484066615,1,1,1
2763,438,0,0,0,-1,0,1
2765,193,0,1,2.484661788,3,0,1
2765,193,1,0,0,-1,0,1
2765,58,0,1,2.484293173,3,0,1
2765,58,1,1,2.166438208,32,0,1
2765,156,0,1,2.484249489,3,0,1
2765,156,1,0,0,-1,0,1
2765,438,1,1,2.484065422,1,1,1
2765,438,0,0,0,-1,0,1
2767,193,0,1,2.484650606,3,0,1
2767,193,1,0,0,-1,0,1
2767,58,0,1,2.484293185,3,0,1
2767,58,1,1,2.165449064,33,0,1
2767,156,0,1,2.484252142,3,0,1
2767,156,1,0,0,-1,0,1
2767,438,1,1,2.484065105,1,1,1
2767,438,0,0,0,-1,0,1
2769,193,0,1,2.484628266,3,0,1
2769,193,1,0,0,-1,0,1
2769,58,0,1,2.484278118,3,0,1
2769,58,1,1,2.165494677,33,0,1
2769,156,0,1,2.484233833,3,0,1
2769,156,1,0,0,-1,0,1
2769,438,1,1,2.484053055,1,1,1
2769,438,0,0,0,-1,0,1
2771,193,0,1,2.484643736,3,0,1
2771,193,1,0,0,-1,0,1
2771,58,0,1,2.484278812,3,0,1
2771,58,1,1,2.165787951,34,0,1
2771,156,0,1,2.484237301,3,0,1
2771,156,1,0,0,-1,0,1
2771,438,1,1,2.484047404,1,1,1
2771,438,0,0,0,-1,0,1
2772,193,0,1,2.480684398,3,0,1
2772,193,1,0,0,-1,0,1
2772,58,0,1,2.480328868,3,0,1
2772,58,1,1,2.162033357,32,0,1
2772,156,0,1,2.480269767,1,1,1
2772,156,1,0,0,-1,0,1
2772,74,1,1,2.480295589,2,0,1
2772,74,0,0,0,-1,0,1
2774,193,0,1,2.48224841,3,0,1
2774,193,1,0,0,-1,0,1
2774,901,0,1,2.481381459,2,0,1
2774,901,1,0,0,-1,0,1
2774,58,0,1,2.480584334,3,0,1
2774,58,1,1,2.162202486,32,0,1
2774,438,1,1,2.480303283,1,1,1
2774,438,0,0,0,-1,0,1
2776,193,0,1,2.482269752,3,0,1
2776,193,1,0,0,-1,0,1
2776,901,0,1,2.481314095,2,0,1
2776,901,1,0,0,-1,0,1
2776,58,0,1,2.48062286,3,0,1
2776,58,1,1,2.16226273,32,0,1
2776,438,1,1,2.480333037,1,1,1
2776,438,0,0,0,-1,0,1
2778,193,0,1,2.48224956,3,0,1
2778,193,1,0,0,-1,0,1
2778,901,0,1,2.481318853,2,0,1
2778,901,1,0,0,-1,0,1
2778,58,0,1,2.480587012,3,0,1
2778,58,1,1,2.162319639,32,0,1
2778,438,1,1,2.480368196,1,1,1
2778,438,0,0,0,-1,0,1
2780,193,0,1,2.482246504,3,0,1
2780,193,1,0,0,-1,0,1
2780,901,0,1,2.481359358,2,0,1
2780,901,1,0,0,-1,0,1
2780,58,0,1,2.48058287,3,0,1
2780,58,1,1,2.161293226,33,0,1
2780,438,1,1,2.480339926,1,1,1
2780,438,0,0,0,-1,0,1
2782,193,0,1,2.482256317,3,0,1
2782,193,1,0,0,-1,0,1
2782,901,0,1,2.481341992,2,1,1
2782,901,1,0,0,-1,0,1
2782,58,0,1,2.480596302,3,0,1
2782,58,1,1,2.162243933,32,0,1
2782,74,1,1,2.480398174,2,0,1
2782,74,0,0,0,-1,0,1
2784,150,1,1,2.485101764,2,0,1
2784,150,0,0,0,-1,0,1
2784,58,0,1,2.48511016,3,0,1
2784,58,1,1,2.168803091,33,0,1
2784,420,0,1,2.484883489,2,0,1
2784,420,1,0,0,-1,0,1
2784,438,1,1,2.484778274,1,1,1
2784,438,0,0,0,-1,0,1
2786,58,0,1,2.485133014,3,0,1
2786,58,1,1,2.169783462,32,0,1
2786,150,1,1,2.485123559,2,1,1
2786,150,0,0,0,-1,0,1
2786,420,0,1,2.484884753,2,0,1
2786,420,1,0,0,-1,0,1
2786,74,1,1,2.485005252,2,0,1
2786,74,0,0,0,-1,0,1
2788,156,0,1,2.485115631,1,1,1
2788,156,1,0,0,-1,0,1
2788,58,0,1,2.4832928,3,0,1
2788,58,1,1,2.167066775,32,0,1
2788,420,0,1,2.48313102,2,0,1
2788,420,1,0,0,-1,0,1
2788,74,1,1,2.483154066,2,0,1
2788,74,0,0,0,-1,0,1
2790,316,1,1,2.48508203,1,1,1
2790,316,0,1,-1.37115849,197,0,1
2790,58,0,1,2.485038076,3,0,1
2790,58,1,1,2.170377001,32,0,1
2790,420,0,1,2.484790516,2,0,1
2790,420,1,0,0,-1,0,1
2790,74,1,1,2.484811743,2,0,1
2790,74,0,0,0,-1,0,1
2791,58,0,1,2.481449578,3,0,1
2791,58,1,1,2.164142563,33,0,1
2791,420,0,1,2.48129238,2,0,1
2791,420,1,0,0,-1,0,1
2791,74,1,1,2.481320432,2,0,1
2791,74,0,0,0,-1,0,1
2791,438,1,1,2.481114584,1,1,1
2791,438,0,0,0,-1,0,1
2793,58,0,1,2.481472151,3,0,1
2793,58,1,1,2.165013325,32,0,1
2793,420,0,1,2.481298228,2,0,1
2793,420,1,0,0,-1,0,1
2793,74,1,1,2.481321577,2,0,1
2793,74,0,0,0,-1,0,1
2793,438,1,1,2.481093755,1,1,1
2793,438,0,0,0,-1,0,1
2795,58,0,1,2.481490362,3,0,1
2795,58,1,1,2.165091164,32,0,1
2795,420,0,1,2.481271233,2,0,1
2795,420,1,0,0,-1,0,1
2795,74,1,1,2.481276792,2,0,1
2795,74,0,0,0,-1,0,1
2795,438,1,1,2.481166944,1,1,1
2795,438,0,0,0,-1,0,1
2797,58,0,1,2.481439201,3,0,1
2797,58,1,1,2.164291572,34,0,1
2797,420,0,1,2.481358028,2,0,1
2797,420,1,0,0,-1,0,1
2797,74,1,1,2.481339253,2,0,1
2797,74,0,0,0,-1,0,1
2797,438,1,1,2.481132877,1,1,1
2797,438,0,0,0,-1,0,1
2799,58,0,1,2.481467615,3,0,1
2799,58,1,1,2.164250054,34,0,1
2799,420,0,1,2.481349526,2,0,1
2799,420,1,0,0,-1,0,1
2799,74,1,1,2.481333231,2,0,1
2799,74,0,0,0,-1,0,1
2799,438,1,1,2.481113709,1,1,1
2799,438,0,0,0,-1,0,1
2801,58,0,1,2.481453391,3,0,1
2801,58,1,1,2.165024273,32,0,1
2801,420,0,1,2.481358545,2,1,1
2801,420,1,0,0,-1,0,1
2801,74,1,1,2.481336147,2,0,1
2801,74,0,0,0,-1,0,1
2801,425,1,1,2.481097713,2,0,1
2801,425,0,0,0,-1,0,1
2803,58,0,1,2.481457761,3,0,1
2803,58,1,1,2.164976497,32,0,1
2803,420,0,1,2.481347891,2,0,1
2803,420,1,0,0,-1,0,1
2803,74,1,1,2.481310491,2,0,1
2803,74,0,0,0,-1,0,1
2803,438,1,1,2.481119762,1,1,1
2803,438,0,0,0,-1,0,1
2805,58,0,1,2.481478883,3,0,1
2805,58,1,1,2.164999525,32,0,1
2805,420,0,1,2.481329194,2,0,1
2805,420,1,0,0,-1,0,1
2805,74,1,1,2.481305618,2,0,1
2805,74,0,0,0,-1,0,1
2805,438,1,1,2.481114651,1,1,1
2805,438,0,0,0,-1,0,1
2807,58,0,1,2.481491939,3,0,1
2807,58,1,1,2.165089421,32,0,1
2807,420,0,1,2.481291524,2,0,1
2807,420,1,0,0,-1,0,1
2807,74,1,1,2.481282513,2,0,1
2807,74,0,0,0,-1,0,1
2807,438,1,1,2.481171487,1,1,1
2807,438,0,0,0,-1,0,1
2809,58,0,1,2.481448894,3,0,1
2809,58,1,1,2.16431674,34,0,1
2809,420,0,1,2.481336709,2,0,1
2809,420,1,0,0,-1,0,1
2809,74,1,1,2.481328068,2,0,1
2809,74,0,0,0,-1,0,1
2809,438,1,1,2.481146976,1,1,1
2809,438,0,0,0,-1,0,1
2810,58,0,1,2.477468856,3,0,1
2810,58,1,1,2.160526991,32,0,1
2810,420,0,1,2.477356768,2,0,1
2810,420,1,0,0,-1,0,1
2810,74,1,1,2.477374625,2,0,1
2810,74,0,0,0,-1,0,1
2810,417,1,1,2.47711686,1,1,1
2810,417,0,0,0,-1,0,1
2812,438,1,1,2.477142495,1,1,1
2812,438,0,0,0,-1,0,1
2812,52,1,1,2.476091438,1,0,1
2812,52,0,0,0,-1,0,1
2812,58,0,1,2.475858177,3,0,1
2812,58,1,1,2.159091808,32,0,1
2812,420,0,1,2.475679921,2,0,1
2812,420,1,0,0,-1,0,1
2814,58,0,1,2.477484137,3,0,1
2814,58,1,1,2.159922875,34,0,1
2814,420,0,1,2.477354556,2,0,1
2814,420,1,0,0,-1,0,1
2814,74,1,1,2.477383528,2,0,1
2814,74,0,0,0,-1,0,1
2814,489,1,1,2.477100121,1,1,1
2814,489,0,0,0,-1,0,1
2816,58,0,1,2.477507958,3,0,1
2816,58,1,1,2.159815047,34,0,1
2816,74,1,1,2.477356115,2,0,1
2816,74,0,0,0,-1,0,1
2816,420,0,1,2.477361348,2,0,1
2816,420,1,0,0,-1,0,1
2816,417,1,1,2.47714118,1,1,1
2816,417,0,0,0,-1,0,1
2818,58,0,1,2.477457841,3,0,1
2818,58,1,1,2.160583014,32,0,1
2818,420,0,1,2.477371709,2,0,1
2818,420,1,0,0,-1,0,1
2818,74,1,1,2.477382171,2,0,1
2818,74,0,0,0,-1,0,1
2818,489,1,1,2.477101759,1,1,1
2818,489,0,0,0,-1,0,1
2820,58,0,1,2.477492502,3,0,1
2820,58,1,1,2.160564648,32,0,1
2820,420,0,1,2.477372024,2,0,1
2820,420,1,0,0,-1,0,1
2820,74,1,1,2.477373081,2,0,1
2820,74,0,0,0,-1,0,1
2820,417,1,1,2.477107706,1,1,1
2820,417,0,0,0,-1,0,1
2822,58,0,1,2.477493543,3,0,1
2822,58,1,1,2.160674993,32,0,1
2822,420,0,1,2.477329136,2,0,1
2822,420,1,0,0,-1,0,1
2822,74,1,1,2.477354831,2,0,1
2822,74,0,0,0,-1,0,1
2822,489,1,1,2.477109786,1,1,1
2822,489,0,0,0,-1,0,1
2824,58,0,1,2.477498646,3,0,1
2824,58,1,1,2.159833732,34,0,1
2824,74,1,1,2.477361586,2,0,1
2824,74,0,0,0,-1,0,1
2824,420,0,1,2.477350758,2,0,1
2824,420,1,0,0,-1,0,1
2824,417,1,1,2.477128443,1,1,1
2824,417,0,0,0,-1,0,1
2826,58,0,1,2.47750328,3,0,1
2826,58,1,1,2.160586521,32,0,1
2826,420,0,1,2.477335836,2,0,1
2826,420,1,0,0,-1,0,1
2826,74,1,1,2.477368642,2,0,1
2826,74,0,0,0,-1,0,1
2826,489,1,1,2.477106465,1,1,1
2826,489,0,0,0,-1,0,1
2828,58,0,1,2.477479428,3,0,1
2828,58,1,1,2.160563502,32,0,1
2828,420,0,1,2.477353656,2,0,1
2828,420,1,0,0,-1,0,1
2828,74,1,1,2.477353956,2,0,1
2828,74,0,0,0,-1,0,1
2828,417,1,1,2.477141469,1,1,1
2828,417,0,0,0,-1,0,1
2829,52,1,1,2.473748793,1,1,1
2829,52,0,0,0,-1,0,1
2829,58,0,1,2.473519619,3,0,1
2829,58,1,1,2.155678704,34,0,1
2829,420,0,1,2.473385275,2,0,1
2829,420,1,0,0,-1,0,1
2829,74,1,1,2.473411749,2,0,1
2829,74,0,0,0,-1,0,1
2831,417,1,1,2.473780211,1,1,1
2831,417,0,0,0,-1,0,1
2831,58,0,1,2.472944426,3,0,1
2831,58,1,1,2.153824507,33,0,1
2831,420,0,1,2.472794086,2,0,1
2831,420,1,0,0,-1,0,1
2831,74,1,1,2.472736818,2,0,1
2831,74,0,0,0,-1,0,1
2833,923,0,1,2.473835402,1,1,1
2833,923,1,0,0,-1,0,1
2833,682,1,1,2.473768994,3,0,1
2833,682,0,0,0,-1,0,1
2833,58,0,1,2.473621767,3,0,1
2833,58,1,1,2.15484618,34,0,1
2833,420,0,1,2.473525968,2,0,1
2833,420,1,0,0,-1,0,1
2835,682,1,1,2.473899014,2,1,1
2835,682,0,0,0,-1,0,1
2835,150,1,1,2.473849768,2,0,1
2835,150,0,0,0,-1,0,1
2835,58,0,1,2.473769736,3,0,1
2835,58,1,1,2.156844357,32,0,1
2835,74,1,1,2.473696265,2,0,1
2835,74,0,0,0,-1,0,1
2837,228,1,1,2.473882852,1,1,1
2837,228,0,0,0,-1,0,1
2837,150,1,1,2.47312846,2,0,1
2837,150,0,0,0,-1,0,1
2837,58,0,1,2.473124103,3,0,1
2837,58,1,1,2.156721097,34,0,1
2837,74,1,1,2.472989256,2,0,1
2837,74,0,0,0,-1,0,1
2839,132,1,1,2.473882041,2,1,1
2839,132,0,0,0,-1,0,1
2839,150,1,1,2.47348152,2,0,1
2839,150,0,0,0,-1,0,1
2839,58,0,1,2.473470806,3,0,1
2839,58,1,1,2.157051014,33,0,1
2839,420,0,1,2.473245691,2,0,1
2839,420,1,0,0,-1,0,1
2841,535,1,1,2.473871727,2,1,1
2841,535,0,0,0,-1,0,1
2841,150,1,1,2.473636209,2,0,1
2841,150,0,0,0,-1,0,1
2841,58,0,1,2.473567141,3,0,1
2841,58,1,1,2.16013459,32,0,1
2841,74,1,1,2.473465339,2,0,1
2841,74,0,0,0,-1,0,1
2843,934,1,1,2.473900722,2,1,1
2843,934,0,1,-0.0574357491,244,0,1
2843,150,1,1,2.473651896,2,0,1
2843,150,0,0,0,-1,0,1
2843,58,0,1,2.473668024,3,0,1
2843,58,1,1,2.157099344,32,0,1
2843,420,0,1,2.473425219,2,0,1
2843,420,1,0,0,-1,0,1
2845,444,0,1,2.473878113,0,1,1
2845,444,1,0,0,-1,0,1
2845,150,1,1,2.473008961,2,0,1
2845,150,0,0,0,-1,0,1
2845,58,0,1,2.473027752,3,0,1
2845,58,1,1,2.154995979,34,0,1
2845,420,0,1,2.472765438,2,0,1
2845,420,1,0,0,-1,0,1
2847,973,0,1,2.473880885,1,1,1
2847,973,1,0,0,-1,0,1
2847,58,0,1,2.473138405,3,0,1
2847,58,1,1,2.15641735,32,0,1
2847,150,1,1,2.473135429,2,0,1
2847,150,0,0,0,-1,0,1
2847,74,1,1,2.472886185,2,0,1
2847,74,0,0,0,-1,0,1
2848,150,1,1,2.470329595,2,1,1
2848,150,0,0,0,-1,0,1
2848,58,0,1,2.470283235,3,0,1
2848,58,1,1,2.153122534,32,0,1
2848,74,1,1,2.470166361,2,0,1
2848,74,0,0,0,-1,0,1
2848,420,0,1,2.470078391,2,0,1
2848,420,1,0,0,-1,0,1
2850,150,1,1,2.470332339,2,1,1
2850,150,0,0,0,-1,0,1
2850,58,0,1,2.47029628,3,0,1
2850,58,1,1,2.15220277,33,0,1
2850,420,0,1,2.470085538,2,0,1
2850,420,1,0,0,-1,0,1
2850,74,1,1,2.470135421,2,0,1
2850,74,0,0,0,-1,0,1
2852,150,1,1,2.470311233,2,1,1
2852,150,0,0,0,-1,0,1
2852,58,0,1,2.470325963,3,0,1
2852,58,1,1,2.152434013,34,0,1
2852,420,0,1,2.470073167,2,0,1
2852,420,1,0,0,-1,0,1
2852,74,1,1,2.470097987,2,0,1
2852,74,0,0,0,-1,0,1
2854,150,1,1,2.470295585,2,0,1
2854,150,0,0,0,-1,0,1
2854,58,0,1,2.470331795,3,0,1
2854,58,1,1,2.152413074,34,0,1
2854,420,0,1,2.470060753,2,0,1
2854,420,1,0,0,-1,0,1
2854,489,1,1,2.469979687,1,1,1
2854,489,0,0,0,-1,0,1
2856,150,1,1,2.470346514,2,1,1
2856,150,0,0,0,-1,0,1
2856,58,0,1,2.470322305,3,0,1
2856,58,1,1,2.153127733,32,0,1
2856,74,1,1,2.470160668,2,0,1
2856,74,0,0,0,-1,0,1
2856,420,0,1,2.470114141,2,0,1
2856,420,1,0,0,-1,0,1
2858,150,1,1,2.470340235,2,1,1
2858,150,0,0,0,-1,0,1
2858,58,0,1,2.47029542,3,0,1
2858,58,1,1,2.152202438,33,0,1
2858,420,0,1,2.470109259,2,0,1
2858,420,1,0,0,-1,0,1
2858,74,1,1,2.470153664,2,0,1
2858,74,0,0,0,-1,0,1
2860,150,1,1,2.470336847,2,1,1
2860,150,0,0,0,-1,0,1
2860,58,0,1,2.470295862,3,0,1
2860,58,1,1,2.15220492,33,0,1
2860,420,0,1,2.470094526,2,0,1
2860,420,1,0,0,-1,0,1
2860,74,1,1,2.470152644,2,0,1
2860,74,0,0,0,-1,0,1
2862,150,1,1,2.470309536,2,1,1
2862,150,0,0,0,-1,0,1
2862,58,0,1,2.47031711,3,0,1
2862,58,1,1,2.152197101,33,0,1
2862,420,0,1,2.470068483,2,0,1
2862,420,1,0,0,-1,0,1
2862,74,1,1,2.470113206,2,0,1
2862,74,0,0,0,-1,0,1
2864,150,1,1,2.470285977,2,1,1
2864,150,0,0,0,-1,0,1
2864,58,0,1,2.470327808,3,0,1
2864,58,1,1,2.152188884,33,0,1
2864,420,0,1,2.470052462,2,0,1
2864,420,1,0,0,-1,0,1
2864,74,1,1,2.470096601,2,0,1
2864,74,0,0,0,-1,0,1
2866,150,1,1,2.470271539,2,1,1
2866,150,0,0,0,-1,0,1
2866,58,0,1,2.470341161,3,0,1
2866,58,1,1,2.15218873,33,0,1
2866,420,0,1,2.470041846,2,0,1
2866,420,1,0,0,-1,0,1
2866,74,1,1,2.470082609,2,0,1
2866,74,0,0,0,-1,0,1
2867,58,0,1,2.466798407,3,0,1
2867,58,1,1,2.148481056,32,0,1
2867,420,0,1,2.46658422,2,0,1
2867,420,1,0,0,-1,0,1
2867,74,1,1,2.466528492,2,0,1
2867,74,0,0,0,-1,0,1
2867,489,1,1,2.466435373,1,1,1
2867,489,0,0,0,-1,0,1
2869,58,0,1,2.46675836,3,0,1
2869,58,1,1,2.147877869,34,0,1
2869,420,0,1,2.466660352,2,0,1
2869,420,1,0,0,-1,0,1
2869,74,1,1,2.466571149,2,0,1
2869,74,0,0,0,-1,0,1
2869,489,1,1,2.466380305,1,1,1
2869,489,0,0,0,-1,0,1
2871,58,0,1,2.466761178,3,0,1
2871,58,1,1,2.148559698,32,0,1
2871,420,0,1,2.466630998,2,0,1
2871,420,1,0,0,-1,0,1
2871,74,1,1,2.466532085,2,0,1
2871,74,0,0,0,-1,0,1
2871,489,1,1,2.466449008,1,1,1
2871,489,0,0,0,-1,0,1
2873,58,0,1,2.466789845,3,0,1
2873,58,1,1,2.148492077,32,0,1
2873,420,0,1,2.466612236,2,0,1
2873,420,1,0,0,-1,0,1
2873,74,1,1,2.466529238,2,0,1
2873,74,0,0,0,-1,0,1
2873,489,1,1,2.466417881,1,1,1
2873,489,0,0,0,-1,0,1
2875,58,0,1,2.466758466,3,0,1
2875,58,1,1,2.148587332,32,0,1
2875,420,0,1,2.466653541,2,0,1
2875,420,1,0,0,-1,0,1
2875,74,1,1,2.466565926,2,0,1
2875,74,0,0,0,-1,0,1
2875,489,1,1,2.466417955,1,1,1
2875,489,0,0,0,-1,0,1
2877,58,0,1,2.466767314,3,0,1
2877,58,1,1,2.148550573,32,0,1
2877,420,0,1,2.466620718,2,0,1
2877,420,1,0,0,-1,0,1
2877,74,1,1,2.466537328,2,0,1
2877,74,0,0,0,-1,0,1
2877,489,1,1,2.466439334,1,1,1
2877,489,0,0,0,-1,0,1
2879,58,0,1,2.46678535,3,0,1
2879,58,1,1,2.148495511,32,0,1
2879,420,0,1,2.466618563,2,0,1
2879,420,1,0,0,-1,0,1
2879,74,1,1,2.466532121,2,0,1
2879,74,0,0,0,-1,0,1
2879,489,1,1,2.46642415,1,1,1
2879,489,0,0,0,-1,0,1
2881,58,0,1,2.466761652,3,0,1
2881,58,1,1,2.148567378,32,0,1
2881,420,0,1,2.466635509,2,0,1
2881,420,1,0,0,-1,0,1
2881,74,1,1,2.466548949,2,0,1
2881,74,0,0,0,-1,0,1
2881,489,1,1,2.466426355,1,1,1
2881,489,0,0,0,-1,0,1
2883,58,0,1,2.466772282,3,0,1
2883,58,1,1,2.148564635,32,0,1
2883,420,0,1,2.466616938,2,0,1
2883,420,1,0,0,-1,0,1
2883,74,1,1,2.466539769,2,0,1
2883,74,0,0,0,-1,0,1
2883,489,1,1,2.466436312,1,1,1
2883,489,0,0,0,-1,0,1
2885,58,0,1,2.466782581,3,0,1
2885,58,1,1,2.148517929,32,0,1
2885,420,0,1,2.466617795,2,0,1
2885,420,1,0,0,-1,0,1
2885,74,1,1,2.466536632,2,0,1
2885,74,0,0,0,-1,0,1
2885,489,1,1,2.466424855,1,1,1
2885,489,0,0,0,-1,0,1
2886,58,0,1,2.462869142,3,0,1
2886,58,1,1,2.143811058,34,0,1
2886,420,0,1,2.462727459,2,0,1
2886,420,1,0,0,-1,0,1
2886,335,1,1,2.46262014,0,1,1
2886,335,0,0,0,-1,0,1
2886,74,1,1,2.462765783,2,0,1
2886,74,0,0,0,-1,0,1
2888,489,1,1,2.462627138,1,1,1
2888,489,0,0,0,-1,0,1
2888,74,1,1,2.461448085,2,0,1
2888,74,0,0,0,-1,0,1
2888,58,0,1,2.461326916,3,0,1
2888,58,1,1,2.141976751,34,0,1
2888,420,0,1,2.46121374,2,0,1
2888,420,1,0,0,-1,0,1
2890,74,1,1,2.462741799,2,0,1
2890,74,0,0,0,-1,0,1
2890,58,0,1,2.462866126,3,0,1
2890,58,1,1,2.143563207,33,0,1
2890,420,0,1,2.462746469,2,0,1
2890,420,1,0,0,-1,0,1
2890,335,1,1,2.462621128,0,1,1
2890,335,0,0,0,-1,0,1
2892,58,0,1,2.46285286,3,0,1
2892,58,1,1,2.14385528,34,0,1
2892,420,0,1,2.462748507,2,0,1
2892,420,1,0,0,-1,0,1
2892,74,1,1,2.4627544,2,0,1
2892,74,0,0,0,-1,0,1
2892,335,1,1,2.462616343,0,1,1
2892,335,0,0,0,-1,0,1
2894,58,0,1,2.462882195,3,0,1
2894,58,1,1,2.144529161,32,0,1
2894,420,0,1,2.462750031,2,0,1
2894,420,1,0,0,-1,0,1
2894,74,1,1,2.462776271,2,0,1
2894,74,0,0,0,-1,0,1
2894,335,1,1,2.462632899,0,1,1
2894,335,0,0,0,-1,0,1
2896,58,0,1,2.462890424,3,0,1
2896,58,1,1,2.143784498,34,0,1
2896,420,0,1,2.462739145,2,0,1
2896,420,1,0,0,-1,0,1
2896,74,1,1,2.462753225,2,0,1
2896,74,0,0,0,-1,0,1
2896,335,1,1,2.462645848,0,1,1
2896,335,0,0,0,-1,0,1
2898,58,0,1,2.462888638,3,0,1
2898,58,1,1,2.144545827,32,0,1
2898,420,0,1,2.462763049,2,0,1
2898,420,1,0,0,-1,0,1
2898,74,1,1,2.462780614,2,0,1
2898,74,0,0,0,-1,0,1
2898,335,1,1,2.462629995,0,1,1
2898,335,0,0,0,-1,0,1
2900,58,0,1,2.462897389,3,0,1
2900,58,1,1,2.144520517,32,0,1
2900,420,0,1,2.46276779,2,0,1
2900,420,1,0,0,-1,0,1
2900,74,1,1,2.462790647,2,0,1
2900,74,0,0,0,-1,0,1
2900,335,1,1,2.462651929,0,1,1
2900,335,0,0,0,-1,0,1
2902,58,0,1,2.462894319,3,0,1
2902,58,1,1,2.144591023,32,0,1
2902,420,0,1,2.462758116,2,0,1
2902,420,1,0,0,-1,0,1
2902,74,1,1,2.462776036,2,0,1
2902,74,0,0,0,-1,0,1
2902,335,1,1,2.462668319,0,1,1
2902,335,0,0,0,-1,0,1
2904,58,0,1,2.462884816,3,0,1
2904,58,1,1,2.144532171,32,0,1
2904,420,0,1,2.46277016,2,0,1
2904,420,1,0,0,-1,0,1
2904,74,1,1,2.462788647,2,0,1
2904,74,0,0,0,-1,0,1
2904,335,1,1,2.462654315,0,1,1
2904,335,0,0,0,-1,0,1
2905,74,1,1,2.459239554,2,1,1
2905,74,0,0,0,-1,0,1
2905,58,0,1,2.459082311,3,0,1
2905,58,1,1,2.139576696,34,0,1
2905,420,0,1,2.45899007,2,0,1
2905,420,1,0,0,-1,0,1
2905,504,0,1,2.45874117,2,0,1
2905,504,1,0,0,-1,0,1
2907,335,1,1,2.459153108,0,1,1
2907,335,0,0,0,-1,0,1
2907,58,0,1,2.459093376,3,0,1
2907,58,1,1,2.142016211,33,0,1
2907,420,0,1,2.45899196,2,0,1
2907,420,1,0,0,-1,0,1
2907,425,1,1,2.458820821,2,0,1
2907,425,0,0,0,-1,0,1
2909,150,1,1,2.459130024,2,0,1
2909,150,0,0,0,-1,0,1
2909,58,0,1,2.459128695,3,0,1
2909,58,1,1,2.142634428,34,0,1
2909,420,0,1,2.458888964,2,0,1
2909,420,1,0,0,-1,0,1
2909,425,1,1,2.458823228,1,1,1
2909,425,0,0,0,-1,0,1
2911,150,1,1,2.459165659,2,1,1
2911,150,0,0,0,-1,0,1
2911,58,0,1,2.459080081,3,0,1
2911,58,1,1,2.142598414,34,0,1
2911,420,0,1,2.45888483,2,0,1
2911,420,1,0,0,-1,0,1
2911,425,1,1,2.45879881,2,0,1
2911,425,0,0,0,-1,0,1
2913,335,1,1,2.459168647,0,1,1
2913,335,0,0,0,-1,0,1
2913,58,0,1,2.459109951,3,0,1
2913,58,1,1,2.142252568,34,0,1
2913,420,0,1,2.459019208,2,0,1
2913,420,1,0,0,-1,0,1
2913,504,0,1,2.458806824,1,0,1
2913,504,1,0,0,-1,0,1
2915,335,1,1,2.459170535,0,1,1
2915,335,0,0,0,-1,0,1
2915,58,0,1,2.459129948,3,0,1
2915,58,1,1,2.142004481,33,0,1
2915,420,0,1,2.458971078,2,0,1
2915,420,1,0,0,-1,0,1
2915,425,1,1,2.458813628,2,0,1
2915,425,0,0,0,-1,0,1
2917,335,1,1,2.45914599,0,1,1
2917,335,0,0,0,-1,0,1
2917,58,0,1,2.459143936,3,0,1
2917,58,1,1,2.142231697,34,0,1
2917,420,0,1,2.459006271,2,0,1
2917,420,1,0,0,-1,0,1
2917,425,1,1,2.45883942,2,0,1
2917,425,0,0,0,-1,0,1
2919,335,1,1,2.459176022,0,1,1
2919,335,0,0,0,-1,0,1
2919,58,0,1,2.459132697,3,0,1
2919,58,1,1,2.142279125,34,0,1
2919,420,0,1,2.458984348,2,0,1
2919,420,1,0,0,-1,0,1
2919,425,1,1,2.458828819,2,0,1
2919,425,0,0,0,-1,0,1
2921,335,1,1,2.459152577,0,1,1
2921,335,0,0,0,-1,0,1
2921,58,0,1,2.459151571,3,0,1
2921,58,1,1,2.142034425,33,0,1
2921,420,0,1,2.458991761,2,0,1
2921,420,1,0,0,-1,0,1
2921,425,1,1,2.458837324,2,0,1
2921,425,0,0,0,-1,0,1
2923,335,1,1,2.459165288,0,1,1
2923,335,0,0,0,-1,0,1
2923,58,0,1,2.459167177,3,0,1
2923,58,1,1,2.142255931,34,0,1
2923,420,0,1,2.459015361,2,0,1
2923,420,1,0,0,-1,0,1
2923,425,1,1,2.458854262,2,0,1
2923,425,0,0,0,-1,0,1
2924,58,0,1,2.455604134,3,0,1
2924,58,1,1,2.138162524,34,0,1
2924,420,0,1,2.455477591,2,1,1
2924,420,1,0,0,-1,0,1
2924,425,1,1,2.455270424,2,0,1
2924,425,0,0,0,-1,0,1
2924,504,0,1,2.45526824,2,0,1
2924,504,1,0,0,-1,0,1
2926,58,0,1,2.455577065,3,0,1
2926,58,1,1,2.138078771,34,0,1
2926,420,0,1,2.455460398,2,0,1
2926,420,1,0,0,-1,0,1
2926,425,1,1,2.455254935,2,0,1
2926,425,0,0,0,-1,0,1
2926,504,0,1,2.45523906,1,1,1
2926,504,1,0,0,-1,0,1
2928,58,0,1,2.455596457,3,0,1
2928,58,1,1,2.138076308,34,0,1
2928,420,0,1,2.455485747,2,0,1
2928,420,1,0,0,-1,0,1
2928,504,0,1,2.455273355,1,1,1
2928,504,1,0,0,-1,0,1
2928,425,1,1,2.45529668,2,0,1
2928,425,0,0,0,-1,0,1
2930,58,0,1,2.455596685,3,0,1
2930,58,1,1,2.138032124,34,0,1
2930,420,0,1,2.455483557,2,0,1
2930,420,1,0,0,-1,0,1
2930,425,1,1,2.45528813,2,0,1
2930,425,0,0,0,-1,0,1
2930,504,0,1,2.455254714,1,1,1
2930,504,1,0,0,-1,0,1
2932,58,0,1,2.455583209,3,0,1
2932,58,1,1,2.137814225,33,0,1
2932,420,0,1,2.455467469,2,0,1
2932,420,1,0,0,-1,0,1
2932,425,1,1,2.455266751,2,0,1
2932,425,0,0,0,-1,0,1
2932,504,0,1,2.455248963,1,1,1
2932,504,1,0,0,-1,0,1
2934,58,0,1,2.455585332,3,0,1
2934,58,1,1,2.138112748,34,0,1
2934,420,0,1,2.45547732,2,0,1
2934,420,1,0,0,-1,0,1
2934,504,0,1,2.455273801,1,1,1
2934,504,1,0,0,-1,0,1
2934,425,1,1,2.455271879,2,0,1
2934,425,0,0,0,-1,0,1
2936,58,0,1,2.455590288,3,0,1
2936,58,1,1,2.138024133,34,0,1
2936,420,0,1,2.455475375,2,0,1
2936,420,1,0,0,-1,0,1
2936,425,1,1,2.455283992,2,0,1
2936,425,0,0,0,-1,0,1
2936,504,0,1,2.455250157,1,1,1
2936,504,1,0,0,-1,0,1
2938,58,0,1,2.455598213,3,0,1
2938,58,1,1,2.13805096,34,0,1
2938,420,0,1,2.4554655,2,1,1
2938,420,1,0,0,-1,0,1
2938,425,1,1,2.455262966,2,0,1
2938,425,0,0,0,-1,0,1
2938,504,0,1,2.455247398,2,0,1
2938,504,1,0,0,-1,0,1
2940,58,0,1,2.455571421,3,0,1
2940,58,1,1,2.138056598,34,0,1
2940,420,0,1,2.455486654,2,1,1
2940,420,1,0,0,-1,0,1
2940,425,1,1,2.455283333,2,0,1
2940,425,0,0,0,-1,0,1
2940,504,0,1,2.455270762,2,0,1
2940,504,1,0,0,-1,0,1
2942,58,0,1,2.455584415,3,0,1
2942,58,1,1,2.138101403,34,0,1
2942,420,0,1,2.455479202,2,1,1
2942,420,1,0,0,-1,0,1
2942,425,1,1,2.455268806,2,0,1
2942,425,0,0,0,-1,0,1
2942,504,0,1,2.455252047,2,0,1
2942,504,1,0,0,-1,0,1
2943,58,0,1,2.451950338,3,0,1
2943,58,1,1,2.132673217,34,0,1
2943,504,0,1,2.451601685,2,1,1
2943,504,1,0,0,-1,0,1
2943,425,1,1,2.451583717,2,0,1
2943,425,0,0,0,-1,0,1
2943,653,1,1,2.451450398,2,0,1
2943,653,0,0,0,-1,0,1
2945,58,0,1,2.45195585,3,0,1
2945,58,1,1,2.132589461,34,0,1
2945,504,0,1,2.451617242,1,1,1
2945,504,1,0,0,-1,0,1
2945,425,1,1,2.451598116,2,0,1
2945,425,0,0,0,-1,0,1
2945,653,1,1,2.451436241,2,0,1
2945,653,0,0,0,-1,0,1
2947,58,0,1,2.451952359,3,0,1
2947,58,1,1,2.132592318,34,0,1
2947,504,0,1,2.451624983,1,1,1
2947,504,1,0,0,-1,0,1
2947,425,1,1,2.45160631,2,0,1
2947,425,0,0,0,-1,0,1
2947,653,1,1,2.451455947,2,0,1
2947,653,0,0,0,-1,0,1
2949,58,0,1,2.451940534,3,0,1
2949,58,1,1,2.13259845,34,0,1
2949,504,0,1,2.451623586,1,1,1
2949,504,1,0,0,-1,0,1
2949,425,1,1,2.451622837,2,0,1
2949,425,0,0,0,-1,0,1
2949,653,1,1,2.451460001,2,0,1
2949,653,0,0,0,-1,0,1
2951,58,0,1,2.451943438,3,0,1
2951,58,1,1,2.132344986,33,0,1
2951,504,0,1,2.45161892,1,1,1
2951,504,1,0,0,-1,0,1
2951,425,1,1,2.451587482,2,0,1
2951,425,0,0,0,-1,0,1
2951,653,1,1,2.451455271,2,0,1
2951,653,0,0,0,-1,0,1
2953,58,0,1,2.451950763,3,0,1
2953,58,1,1,2.132612356,34,0,1
2953,504,0,1,2.451624912,1,1,1
2953,504,1,0,0,-1,0,1
2953,425,1,1,2.45160158,2,0,1
2953,425,0,0,0,-1,0,1
2953,653,1,1,2.451458688,2,0,1
2953,653,0,0,0,-1,0,1
2955,58,0,1,2.451945682,3,0,1
2955,58,1,1,2.132572446,34,0,1
2955,504,0,1,2.451625004,1,1,1
2955,504,1,0,0,-1,0,1
2955,425,1,1,2.45161944,2,0,1
2955,425,0,0,0,-1,0,1
2955,653,1,1,2.451469869,2,0,1
2955,653,0,0,0,-1,0,1
2957,58,0,1,2.451959854,3,0,1
2957,58,1,1,2.132558447,34,0,1
2957,504,0,1,2.451614545,1,1,1
2957,504,1,0,0,-1,0,1
2957,425,1,1,2.451604608,2,0,1
2957,425,0,0,0,-1,0,1
2957,653,1,1,2.451462422,2,0,1
2957,653,0,0,0,-1,0,1
2959,58,0,1,2.451950823,3,0,1
2959,58,1,1,2.132558223,34,0,1
2959,504,0,1,2.4516287,1,1,1
2959,504,1,0,0,-1,0,1
2959,425,1,1,2.451598076,2,0,1
2959,425,0,0,0,-1,0,1
2959,653,1,1,2.451451258,2,0,1
2959,653,0,0,0,-1,0,1
2961,58,0,1,2.451958829,3,0,1
2961,58,1,1,2.132637463,34,0,1
2961,504,0,1,2.451620795,1,1,1
2961,504,1,0,0,-1,0,1
2961,425,1,1,2.451589007,2,0,1
2961,425,0,0,0,-1,0,1
2961,653,1,1,2.451450625,2,0,1
2961,653,0,0,0,-1,0,1
2962,58,0,1,2.448111636,3,0,1
2962,58,1,1,2.127245091,33,0,1
2962,425,1,1,2.447752532,2,1,1
2962,425,0,0,0,-1,0,1
2962,653,1,1,2.447579053,2,0,1
2962,653,0,0,0,-1,0,1
2962,784,0,1,2.447544728,2,0,1
2962,784,1,0,0,-1,0,1
2964,58,0,1,2.448147592,3,0,1
2964,58,1,1,2.127477962,34,0,1
2964,425,1,1,2.447768692,2,0,1
2964,425,0,0,0,-1,0,1
2964,653,1,1,2.447575037,2,0,1
2964,653,0,0,0,-1,0,1
2964,1,1,1,2.447578276,1,1,1
2964,1,0,0,0,-1,0,1
2966,58,0,1,2.448116703,3,0,1
2966,58,1,1,2.127214378,33,0,1
2966,425,1,1,2.447788433,2,0,1
2966,425,0,0,0,-1,0,1
2966,653,1,1,2.447587979,2,0,1
2966,653,0,0,0,-1,0,1
2966,1,1,1,2.44756897,1,1,1
2966,1,0,0,0,-1,0,1
2968,58,0,1,2.448127004,3,0,1
2968,58,1,1,2.127502361,34,0,1
2968,425,1,1,2.44778314,2,0,1
2968,425,0,0,0,-1,0,1
2968,653,1,1,2.447565063,2,0,1
2968,653,0,0,0,-1,0,1
2968,1,1,1,2.447573938,1,1,1
2968,1,0,0,0,-1,0,1
2970,58,0,1,2.448107655,3,0,1
2970,58,1,1,2.127508927,34,0,1
2970,425,1,1,2.447782117,2,0,1
2970,425,0,0,0,-1,0,1
2970,1,1,1,2.447582896,1,1,1
2970,1,0,0,0,-1,0,1
2970,784,0,1,2.447615717,2,0,1
2970,784,1,0,0,-1,0,1
2972,58,0,1,2.4481077,3,0,1
2972,58,1,1,2.127494195,34,0,1
2972,425,1,1,2.447775169,2,0,1
2972,425,0,0,0,-1,0,1
2972,1,1,1,2.447578882,1,1,1
2972,1,0,0,0,-1,0,1
2972,784,0,1,2.447610241,2,0,1
2972,784,1,0,0,-1,0,1
2974,58,0,1,2.44811329,3,0,1
2974,58,1,1,2.127485392,34,0,1
2974,425,1,1,2.4477735,2,0,1
2974,425,0,0,0,-1,0,1
2974,1,1,1,2.447577795,1,1,1
2974,1,0,0,0,-1,0,1
2974,784,0,1,2.447609526,2,0,1
2974,784,1,0,0,-1,0,1
2976,58,0,1,2.448108785,3,0,1
2976,58,1,1,2.128157083,32,0,1
2976,425,1,1,2.447789007,2,0,1
2976,425,0,0,0,-1,0,1
2976,1,1,1,2.447573908,1,1,1
2976,1,0,0,0,-1,0,1
2976,784,0,1,2.447622738,2,0,1
2976,784,1,0,0,-1,0,1
2978,58,0,1,2.448108916,3,0,1
2978,58,1,1,2.127550885,34,0,1
2978,425,1,1,2.447793687,2,0,1
2978,425,0,0,0,-1,0,1
2978,1,1,1,2.447571236,1,1,1
2978,1,0,0,0,-1,0,1
2978,784,0,1,2.447624045,2,0,1
2978,784,1,0,0,-1,0,1
2980,58,0,1,2.448114707,3,0,1
2980,58,1,1,2.127508475,34,0,1
2980,425,1,1,2.447789373,2,0,1
2980,425,0,0,0,-1,0,1
2980,1,1,1,2.447561648,1,1,1
2980,1,0,0,0,-1,0,1
2980,784,0,1,2.447615804,2,0,1
2980,784,1,0,0,-1,0,1
2981,58,0,1,2.44415478,3,0,1
2981,58,1,1,2.119645572,33,0,1
2981,425,1,1,2.443866318,2,1,1
2981,425,0,0,0,-1,0,1
2981,784,0,1,2.44368707,2,0,1
2981,784,1,0,0,-1,0,1
2981,653,1,1,2.443595959,2,0,1
2981,653,0,0,0,-1,0,1
2983,58,0,1,2.444283198,3,0,1
2983,58,1,1,2.122573945,34,0,1
2983,1,1,1,2.443867678,1,1,1
2983,1,0,0,0,-1,0,1
2983,784,0,1,2.443801405,2,0,1
2983,784,1,0,0,-1,0,1
2983,653,1,1,2.44371695,2,0,1
2983,653,0,0,0,-1,0,1
2985,58,0,1,2.444284379,3,0,1
2985,58,1,1,2.122520414,34,0,1
2985,1,1,1,2.44381041,1,1,1
2985,1,0,0,0,-1,0,1
2985,784,0,1,2.443816858,2,0,1
2985,784,1,0,0,-1,0,1
2985,653,1,1,2.443732105,2,0,1
2985,653,0,0,0,-1,0,1
2987,58,0,1,2.444259995,3,0,1
2987,58,1,1,2.122528207,34,0,1
2987,1,1,1,2.443799522,1,1,1
2987,1,0,0,0,-1,0,1
2987,784,0,1,2.443838022,2,0,1
2987,784,1,0,0,-1,0,1
2987,653,1,1,2.443761982,2,0,1
2987,653,0,0,0,-1,0,1
2989,58,0,1,2.444258253,3,0,1
2989,58,1,1,2.12320716,32,0,1
2989,1,1,1,2.443807511,1,1,1
2989,1,0,0,0,-1,0,1
2989,784,0,1,2.443833281,2,0,1
2989,784,1,0,0,-1,0,1
2989,653,1,1,2.44375558,2,0,1
2989,653,0,0,0,-1,0,1
2991,58,0,1,2.444268465,3,0,1
2991,58,1,1,2.122533874,34,0,1
2991,1,1,1,2.443793897,1,1,1
2991,1,0,0,0,-1,0,1
2991,784,0,1,2.443823316,2,0,1
2991,784,1,0,0,-1,0,1
2991,653,1,1,2.443752668,2,0,1
2991,653,0,0,0,-1,0,1
2993,58,0,1,2.444260148,3,0,1
2993,58,1,1,2.122538619,34,0,1
2993,1,1,1,2.443797192,1,1,1
2993,1,0,0,0,-1,0,1
2993,784,0,1,2.4438281,2,0,1
2993,784,1,0,0,-1,0,1
2993,653,1,1,2.443765444,2,0,1
2993,653,0,0,0,-1,0,1
2995,58,0,1,2.444261138,3,0,1
2995,58,1,1,2.122573649,34,0,1
2995,1,1,1,2.443802952,1,1,1
2995,1,0,0,0,-1,0,1
2995,784,0,1,2.443831974,2,0,1
2995,784,1,0,0,-1,0,1
2995,653,1,1,2.443769871,2,0,1
2995,653,0,0,0,-1,0,1
2997,58,0,1,2.444275993,3,0,1
2997,58,1,1,2.122568032,34,0,1
2997,1,1,1,2.443792509,1,1,1
2997,1,0,0,0,-1,0,1
2997,784,0,1,2.44383028,2,0,1
2997,784,1,0,0,-1,0,1
2997,653,1,1,2.443761525,2,0,1
2997,653,0,0,0,-1,0,1
2999,58,0,1,2.444276254,3,0,1
2999,58,1,1,2.122567602,34,0,1
2999,1,1,1,2.443801553,1,1,1
2999,1,0,0,0,-1,0,1
2999,784,0,1,2.443821541,2,0,1
2999,784,1,0,0,-1,0,1
2999,653,1,1,2.443758778,2,0,1
2999,653,0,0,0,-1,0,1
3000,58,0,1,2.440415982,3,0,1
3000,58,1,1,2.115160559,34,0,1
3000,784,0,1,2.439987203,2,0,1
3000,784,1,0,0,-1,0,1
3000,653,1,1,2.439857866,2,0,1
3000,653,0,0,0,-1,0,1
3000,951,0,1,2.439708383,1,1,1
3000,951,1,0,0,-1,0,1
3002,58,0,1,2.440468423,3,0,1
3002,58,1,1,2.115176096,34,0,1
3002,784,0,1,2.439998835,2,0,1
3002,784,1,0,0,-1,0,1
3002,653,1,1,2.439833209,2,0,1
3002,653,0,0,0,-1,0,1
3002,951,0,1,2.439763202,1,1,1
3002,951,1,0,0,-1,0,1
3004,58,0,1,2.440445247,3,0,1
3004,58,1,1,2.115159847,34,0,1
3004,784,0,1,2.440009643,2,0,1
3004,784,1,0,0,-1,0,1
3004,653,1,1,2.439847317,2,0,1
3004,653,0,0,0,-1,0,1
3004,951,0,1,2.439786585,1,1,1
3004,951,1,0,0,-1,0,1
3006,58,0,1,2.440434522,3,0,1
3006,58,1,1,2.115156062,34,0,1
3006,784,0,1,2.440021644,2,0,1
3006,784,1,0,0,-1,0,1
3006,653,1,1,2.439850501,2,0,1
3006,653,0,0,0,-1,0,1
3006,951,0,1,2.439770737,1,1,1
3006,951,1,0,0,-1,0,1
3008,58,0,1,2.440433466,3,0,1
3008,58,1,1,2.115161151,34,0,1
3008,784,0,1,2.440027337,2,0,1
3008,784,1,0,0,-1,0,1
3008,653,1,1,2.439856142,2,0,1
3008,653,0,0,0,-1,0,1
3008,951,0,1,2.439758939,1,1,1
3008,951,1,0,0,-1,0,1
3010,58,0,1,2.440430838,3,0,1
3010,58,1,1,2.115187213,34,0,1
3010,784,0,1,2.440029258,2,0,1
3010,784,1,0,0,-1,0,1
3010,653,1,1,2.439858289,2,0,1
3010,653,0,0,0,-1,0,1
3010,951,0,1,2.439750557,1,1,1
3010,951,1,0,0,-1,0,1
3012,58,0,1,2.440431764,3,0,1
3012,58,1,1,2.115196479,34,0,1
3012,784,0,1,2.440029783,2,0,1
3012,784,1,0,0,-1,0,1
3012,653,1,1,2.439861674,2,0,1
3012,653,0,0,0,-1,0,1
3012,951,0,1,2.439754204,1,1,1
3012,951,1,0,0,-1,0,1
3014,58,0,1,2.440436279,3,0,1
3014,58,1,1,2.115184775,34,0,1
3014,784,0,1,2.440024914,2,0,1
3014,784,1,0,0,-1,0,1
3014,653,1,1,2.439862864,2,0,1
3014,653,0,0,0,-1,0,1
3014,951,0,1,2.439752051,1,1,1
3014,951,1,0,0,-1,0,1
3016,58,0,1,2.440444591,3,0,1
3016,58,1,1,2.115176,34,0,1
3016,784,0,1,2.44001375,2,0,1
3016,784,1,0,0,-1,0,1
3016,653,1,1,2.43985568,2,0,1
3016,653,0,0,0,-1,0,1
3016,951,0,1,2.439757969,1,1,1
3016,951,1,0,0,-1,0,1
3018,58,0,1,2.440446707,3,0,1
3018,58,1,1,2.115202115,34,0,1
3018,784,0,1,2.440008879,2,0,1
3018,784,1,0,0,-1,0,1
3018,653,1,1,2.439851174,2,0,1
3018,653,0,0,0,-1,0,1
3018,951,0,1,2.439761958,1,1,1
3018,951,1,0,0,-1,0,1
3019,58,0,1,2.436383698,3,0,1
3019,58,1,1,2.108323278,34,0,1
3019,784,0,1,2.435957543,2,0,1
3019,784,1,0,0,-1,0,1
3019,653,1,1,2.435740873,2,0,1
3019,653,0,0,0,-1,0,1
3019,183,0,1,2.435580359,1,1,1
3019,183,1,0,0,-1,0,1
3021,58,0,1,2.436391724,3,0,1
3021,58,1,1,2.108313168,34,0,1
3021,784,0,1,2.435983915,2,0,1
3021,784,1,0,0,-1,0,1
3021,653,1,1,2.43574895,2,0,1
3021,653,0,0,0,-1,0,1
3021,183,0,1,2.435588364,1,1,1
3021,183,1,0,0,-1,0,1
3023,58,0,1,2.436412567,3,0,1
3023,58,1,1,2.108316006,34,0,1
3023,784,0,1,2.435982578,2,0,1
3023,784,1,0,0,-1,0,1
3023,653,1,1,2.435742331,2,0,1
3023,653,0,0,0,-1,0,1
3023,183,0,1,2.4356019,1,1,1
3023,183,1,0,0,-1,0,1
3025,58,0,1,2.436380938,3,0,1
3025,58,1,1,2.108322739,34,0,1
3025,784,0,1,2.436005616,2,0,1
3025,784,1,0,0,-1,0,1
3025,653,1,1,2.43576167,2,0,1
3025,653,0,0,0,-1,0,1
3025,183,0,1,2.435590714,1,1,1
3025,183,1,0,0,-1,0,1
3027,58,0,1,2.436365167,3,0,1
3027,58,1,1,2.108307268,34,0,1
3027,784,0,1,2.436019874,2,1,1
3027,784,1,0,0,-1,0,1
3027,653,1,1,2.435778097,2,0,1
3027,653,0,0,0,-1,0,1
3027,267,0,1,2.435630832,3,0,1
3027,267,1,0,0,-1,0,1
3029,58,0,1,2.436593798,3,0,1
3029,58,1,1,2.110630288,34,0,1
3029,653,1,1,2.436177001,2,0,1
3029,653,0,0,0,-1,0,1
3029,449,0,1,2.436019612,2,0,1
3029,449,1,0,0,-1,0,1
3029,951,0,1,2.435987081,1,1,1
3029,951,1,0,0,-1,0,1
3031,58,0,1,2.436585919,3,0,1
3031,58,1,1,2.110623255,34,0,1
3031,653,1,1,2.436161199,2,0,1
3031,653,0,0,0,-1,0,1
3031,449,0,1,2.436027982,2,0,1
3031,449,1,0,0,-1,0,1
3031,951,0,1,2.435956663,1,1,1
3031,951,1,0,0,-1,0,1
3033,58,0,1,2.4365911,3,0,1
3033,58,1,1,2.110571398,34,0,1
3033,653,1,1,2.436165371,2,0,1
3033,653,0,0,0,-1,0,1
3033,449,0,1,2.436041801,2,0,1
3033,449,1,0,0,-1,0,1
3033,951,0,1,2.43596149,1,1,1
3033,951,1,0,0,-1,0,1
3035,58,0,1,2.436576426,3,0,1
3035,58,1,1,2.110616228,34,0,1
3035,653,1,1,2.436170376,2,0,1
3035,653,0,0,0,-1,0,1
3035,449,0,1,2.43604935,2,0,1
3035,449,1,0,0,-1,0,1
3035,951,0,1,2.43595255,1,1,1
3035,951,1,0,0,-1,0,1
3037,58,0,1,2.436586517,3,0,1
3037,58,1,1,2.110644965,34,0,1
3037,653,1,1,2.436164877,2,0,1
3037,653,0,0,0,-1,0,1
3037,449,0,1,2.436039072,2,0,1
3037,449,1,0,0,-1,0,1
3037,951,0,1,2.435944283,1,1,1
3037,951,1,0,0,-1,0,1
3038,58,0,1,2.432581014,3,0,1
3038,58,1,1,2.103833262,34,0,1
3038,653,1,1,2.432114473,2,1,1
3038,653,0,0,0,-1,0,1
3038,449,0,1,2.432049906,2,0,1
3038,449,1,0,0,-1,0,1
3038,289,1,1,2.431948417,2,0,1
3038,289,0,1,-0.4097302834,905,0,1
3040,58,0,1,2.432719922,3,0,1
3040,58,1,1,2.107829373,34,0,1
3040,449,0,1,2.432148802,2,0,1
3040,449,1,0,0,-1,0,1
3040,951,0,1,2.432096211,1,1,1
3040,951,1,0,0,-1,0,1
3040,289,1,1,2.432051909,2,0,1
3040,289,0,0,0,-1,0,1
3042,58,0,1,2.432692949,3,0,1
3042,58,1,1,2.107824042,34,0,1
3042,449,0,1,2.432158921,2,0,1
3042,449,1,0,0,-1,0,1
3042,951,0,1,2.432094286,1,1,1
3042,951,1,0,0,-1,0,1
3042,289,1,1,2.432064127,2,0,1
3042,289,0,0,0,-1,0,1
3044,58,0,1,2.432708171,3,0,1
3044,58,1,1,2.107811206,34,0,1
3044,449,0,1,2.432180044,2,0,1
3044,449,1,0,0,-1,0,1
3044,951,0,1,2.432067275,1,1,1
3044,951,1,0,0,-1,0,1
3044,289,1,1,2.432084028,2,0,1
3044,289,0,0,0,-1,0,1
3046,58,0,1,2.432699278,3,0,1
3046,58,1,1,2.107856506,34,0,1
3046,449,0,1,2.432175239,2,0,1
3046,449,1,0,0,-1,0,1
3046,951,0,1,2.432060354,1,1,1
3046,951,1,0,0,-1,0,1
3046,289,1,1,2.432078503,2,0,1
3046,289,0,0,0,-1,0,1
3048,58,0,1,2.432715974,3,0,1
3048,58,1,1,2.107864695,34,0,1
3048,449,0,1,2.432155237,2,0,1
3048,449,1,0,0,-1,0,1
3048,951,0,1,2.432061442,1,1,1
3048,951,1,0,0,-1,0,1
3048,289,1,1,2.432068484,2,0,1
3048,289,0,0,0,-1,0,1
3050,58,0,1,2.432717072,3,0,1
3050,58,1,1,2.107874906,34,0,1
3050,449,0,1,2.432155912,2,0,1
3050,449,1,0,0,-1,0,1
3050,951,0,1,2.432087877,1,1,1
3050,951,1,0,0,-1,0,1
3050,289,1,1,2.432067813,2,0,1
3050,289,0,0,0,-1,0,1
3052,58,0,1,2.432725672,3,0,1
3052,58,1,1,2.107837195,34,0,1
3052,449,0,1,2.432147793,2,0,1
3052,449,1,0,0,-1,0,1
3052,951,0,1,2.432082376,1,1,1
3052,951,1,0,0,-1,0,1
3052,289,1,1,2.432057066,2,0,1
3052,289,0,0,0,-1,0,1
3054,58,0,1,2.432735382,3,0,1
3054,58,1,1,2.107824507,34,0,1
3054,449,0,1,2.432130774,2,0,1
3054,449,1,0,0,-1,0,1
3054,951,0,1,2.432099615,1,1,1
3054,951,1,0,0,-1,0,1
3054,289,1,1,2.432044948,2,0,1
3054,289,0,0,0,-1,0,1
3056,58,0,1,2.432739091,3,0,1
3056,58,1,1,2.107854037,34,0,1
3056,449,0,1,2.432126892,2,0,1
3056,449,1,0,0,-1,0,1
3056,951,0,1,2.432108612,1,1,1
3056,951,1,0,0,-1,0,1
3056,289,1,1,2.432038319,2,0,1
3056,289,0,0,0,-1,0,1
3057,58,0,1,2.428718153,3,0,1
3057,58,1,1,2.101030631,34,0,1
3057,449,0,1,2.428122589,2,1,1
3057,449,1,0,0,-1,0,1
3057,289,1,1,2.428034806,2,0,1
3057,289,0,1,-0.4099387722,1022,0,1
3057,267,0,1,2.428070372,3,0,1
3057,267,1,0,0,-1,0,1
3059,58,0,1,2.428726773,3,0,1
3059,58,1,1,2.103341685,32,0,1
3059,289,1,1,2.42863163,2,0,1
3059,289,0,0,0,-1,0,1
3059,951,0,1,2.428127037,1,1,1
3059,951,1,0,0,-1,0,1
3059,267,0,1,2.428079536,3,0,1
3059,267,1,0,0,-1,0,1
3061,58,0,1,2.428709483,3,0,1
3061,58,1,1,2.102806845,34,0,1
3061,289,1,1,2.428640653,2,0,1
3061,289,0,0,0,-1,0,1
3061,951,0,1,2.428139227,1,1,1
3061,951,1,0,0,-1,0,1
3061,267,0,1,2.428053227,3,0,1
3061,267,1,0,0,-1,0,1
3063,58,0,1,2.428723769,3,0,1
3063,58,1,1,2.102802661,34,0,1
3063,289,1,1,2.428645889,2,0,1
3063,289,0,0,0,-1,0,1
3063,951,0,1,2.428131263,1,1,1
3063,951,1,0,0,-1,0,1
3063,267,0,1,2.42807051,3,0,1
3063,267,1,0,0,-1,0,1
3065,58,0,1,2.428712776,3,0,1
3065,58,1,1,2.100939588,36,0,1
3065,449,0,1,2.428151044,2,1,1
3065,449,1,0,0,-1,0,1
3065,289,1,1,2.428071942,2,0,1
3065,289,0,1,-0.409695616,1022,0,1
3065,267,0,1,2.428065291,3,0,1
3065,267,1,0,0,-1,0,1
3067,58,0,1,2.428748141,3,0,1
3067,58,1,1,2.102772164,34,0,1
3067,289,1,1,2.428603882,2,0,1
3067,289,0,0,0,-1,0,1
3067,951,0,1,2.428164657,1,1,1
3067,951,1,0,0,-1,0,1
3067,267,0,1,2.428088302,3,0,1
3067,267,1,0,0,-1,0,1
3069,58,0,1,2.428754272,3,0,1
3069,58,1,1,2.102770169,34,0,1
3069,289,1,1,2.428571498,2,0,1
3069,289,0,0,0,-1,0,1
3069,951,0,1,2.428178772,1,1,1
3069,951,1,0,0,-1,0,1
3069,267,0,1,2.428095251,3,0,1
3069,267,1,0,0,-1,0,1
3071,58,0,1,2.428739729,3,0,1
3071,58,1,1,2.102787449,34,0,1
3071,289,1,1,2.428593737,2,0,1
3071,289,0,0,0,-1,0,1
3071,951,0,1,2.428182766,1,1,1
3071,951,1,0,0,-1,0,1
3071,267,0,1,2.42809208,3,0,1
3071,267,1,0,0,-1,0,1
3073,58,0,1,2.428713406,3,0,1
3073,58,1,1,2.102816346,34,0,1
3073,289,1,1,2.428616255,2,0,1
3073,289,0,0,0,-1,0,1
3073,951,0,1,2.428158291,1,1,1
3073,951,1,0,0,-1,0,1
3073,267,0,1,2.42806832,3,0,1
3073,267,1,0,0,-1,0,1
3075,58,0,1,2.428717036,3,0,1
3075,58,1,1,2.102815997,34,0,1
3075,289,1,1,2.428625543,2,0,1
3075,289,0,0,0,-1,0,1
3075,951,0,1,2.428137609,1,1,1
3075,951,1,0,0,-1,0,1
3075,267,0,1,2.428058037,3,0,1
3075,267,1,0,0,-1,0,1
3076,58,0,1,2.424758228,3,0,1
3076,58,1,1,2.096163246,34,0,1
3076,289,1,1,2.424681413,2,0,1
3076,289,0,1,-0.4098974465,1022,0,1
3076,267,0,1,2.424177185,3,0,1
3076,267,1,0,0,-1,0,1
3076,183,0,1,2.424023643,1,1,1
3076,183,1,0,0,-1,0,1
3078,58,0,1,2.424780035,3,0,1
3078,58,1,1,2.095933275,36,0,1
3078,289,1,1,2.424688453,2,0,1
3078,289,0,1,-0.4098466098,1022,0,1
3078,267,0,1,2.424209314,3,0,1
3078,267,1,0,0,-1,0,1
3078,183,0,1,2.424049059,1,1,1
3078,183,1,0,0,-1,0,1
3080,58,0,1,2.424786834,3,0,1
3080,58,1,1,2.096147723,34,0,1
3080,289,1,1,2.424681639,2,0,1
3080,289,0,1,-0.4098069515,1022,0,1
3080,267,0,1,2.424219825,3,0,1
3080,267,1,0,0,-1,0,1
3080,183,0,1,2.424048847,1,1,1
3080,183,1,0,0,-1,0,1
3082,58,0,1,2.424763075,3,0,1
3082,58,1,1,2.096110004,34,0,1
3082,289,1,1,2.424696575,2,0,1
3082,289,0,1,-0.40980939,1022,0,1
3082,267,0,1,2.424200096,3,0,1
3082,267,1,0,0,-1,0,1
3082,183,0,1,2.424035929,1,1,1
3082,183,1,0,0,-1,0,1
3084,58,0,1,2.424740539,3,0,1
3084,58,1,1,2.096103623,34,0,1
3084,289,1,1,2.424715502,2,0,1
3084,289,0,1,-0.4097845132,1022,0,1
3084,267,0,1,2.424178853,3,0,1
3084,267,1,0,0,-1,0,1
3084,183,0,1,2.424016368,1,1,1
3084,183,1,0,0,-1,0,1
3086,58,0,1,2.42474518,3,0,1
3086,58,1,1,2.09617456,34,0,1
3086,289,1,1,2.424720781,2,0,1
3086,289,0,1,-0.409765312,1022,0,1
3086,267,0,1,2.424180641,3,0,1
3086,267,1,0,0,-1,0,1
3086,183,0,1,2.423995487,1,1,1
3086,183,1,0,0,-1,0,1
3088,58,0,1,2.424739186,3,0,1
3088,58,1,1,2.095903352,36,0,1
3088,289,1,1,2.424723925,2,0,1
3088,289,0,1,-0.4097982211,1022,0,1
3088,267,0,1,2.424168249,3,0,1
3088,267,1,0,0,-1,0,1
3088,183,0,1,2.423997157,1,1,1
3088,183,1,0,0,-1,0,1
3090,58,0,1,2.424736046,3,0,1
3090,58,1,1,2.09611627,34,0,1
3090,289,1,1,2.424735501,2,0,1
3090,289,0,1,-0.4098311962,1022,0,1
3090,267,0,1,2.424167216,3,0,1
3090,267,1,0,0,-1,0,1
3090,183,0,1,2.423981657,1,1,1
3090,183,1,0,0,-1,0,1
3092,58,0,1,2.424740736,3,0,1
3092,58,1,1,2.096102994,34,0,1
3092,289,1,1,2.424718217,2,0,1
3092,289,0,1,-0.4098184688,1022,0,1
3092,267,0,1,2.424172925,3,0,1
3092,267,1,0,0,-1,0,1
3092,183,0,1,2.423981609,1,1,1
3092,183,1,0,0,-1,0,1
3094,58,0,1,2.424731028,3,0,1
3094,58,1,1,2.096137329,34,0,1
3094,289,1,1,2.42472649,2,0,1
3094,289,0,1,-0.4098085364,1022,0,1
3094,267,0,1,2.424164152,3,0,1
3094,267,1,0,0,-1,0,1
3094,183,0,1,2.423977546,1,1,1
3094,183,1,0,0,-1,0,1
3095,58,0,1,2.420618237,3,0,1
3095,58,1,1,2.092472721,34,0,1
3095,289,1,1,2.420681622,2,0,1
3095,289,0,0,0,-1,0,1
3095,267,0,1,2.42008121,3,0,1
3095,267,1,0,0,-1,0,1
3095,8,0,1,2.419892909,1,1,1
3095,8,1,0,0,-1,0,1
3097,58,0,1,2.420638684,3,0,1
3097,58,1,1,2.092965348,32,0,1
3097,289,1,1,2.420677012,2,0,1
3097,289,0,0,0,-1,0,1
3097,267,0,1,2.420109538,3,0,1
3097,267,1,0,0,-1,0,1
3097,8,0,1,2.419905066,1,1,1
3097,8,1,0,0,-1,0,1
3099,58,0,1,2.420657512,3,0,1
3099,58,1,1,2.09297288,32,0,1
3099,289,1,1,2.420680447,2,0,1
3099,289,0,0,0,-1,0,1
3099,267,0,1,2.420114624,3,0,1
3099,267,1,0,0,-1,0,1
3099,8,0,1,2.419947134,1,1,1
3099,8,1,0,0,-1,0,1
3101,58,0,1,2.420658119,3,0,1
3101,58,1,1,2.092565312,34,0,1
3101,289,1,1,2.420683498,2,0,1
3101,289,0,0,0,-1,0,1
3101,267,0,1,2.420111585,3,0,1
3101,267,1,0,0,-1,0,1
3101,8,0,1,2.419948441,1,1,1
3101,8,1,0,0,-1,0,1
3103,58,0,1,2.420664258,3,0,1
3103,58,1,1,2.092517099,34,0,1
3103,289,1,1,2.420674609,2,0,1
3103,289,0,0,0,-1,0,1
3103,267,0,1,2.420126393,3,0,1
3103,267,1,0,0,-1,0,1
3103,8,0,1,2.419943949,1,1,1
3103,8,1,0,0,-1,0,1
3105,58,0,1,2.420672833,3,0,1
3105,58,1,1,2.092489668,34,0,1
3105,289,1,1,2.420659237,2,0,1
3105,289,0,0,0,-1,0,1
3105,267,0,1,2.420139705,3,0,1
3105,267,1,0,0,-1,0,1
3105,8,0,1,2.419958745,1,1,1
3105,8,1,0,0,-1,0,1
3107,58,0,1,2.420665458,3,0,1
3107,58,1,1,2.092973046,32,0,1
3107,289,1,1,2.420658669,2,0,1
3107,289,0,0,0,-1,0,1
3107,267,0,1,2.420130607,3,0,1
3107,267,1,0,0,-1,0,1
3107,8,0,1,2.419966491,1,1,1
3107,8,1,0,0,-1,0,1
3109,58,0,1,2.420683358,3,0,1
3109,58,1,1,2.093007185,32,0,1
3109,289,1,1,2.420649018,2,0,1
3109,289,0,0,0,-1,0,1
3109,267,0,1,2.420143402,3,0,1
3109,267,1,0,0,-1,0,1
3109,8,0,1,2.419971129,1,1,1
3109,8,1,0,0,-1,0,1
3111,58,0,1,2.420689655,3,0,1
3111,58,1,1,2.092547428,34,0,1
3111,289,1,1,2.420644827,2,0,1
3111,289,0,0,0,-1,0,1
3111,267,0,1,2.420146422,3,0,1
3111,267,1,0,0,-1,0,1
3111,8,0,1,2.419979258,1,1,1
3111,8,1,0,0,-1,0,1
3113,58,0,1,2.42069187,3,0,1
3113,58,1,1,2.092521869,34,0,1
3113,289,1,1,2.420641596,2,0,1
3113,289,0,0,0,-1,0,1
3113,267,0,1,2.420149172,3,0,1
3113,267,1,0,0,-1,0,1
3113,8,0,1,2.419982297,1,1,1
3113,8,1,0,0,-1,0,1
3114,289,1,1,2.416626305,2,1,1
3114,289,0,0,0,-1,0,1
3114,58,0,1,2.416568202,3,0,1
3114,58,1,1,2.087936971,34,0,1
3114,681,1,1,2.416498148,3,0,1
3114,681,0,0,0,-1,0,1
3114,267,0,1,2.416063746,3,0,1
3114,267,1,0,0,-1,0,1
3116,34,0,1,2.418919484,1,1,1
3116,34,1,1,1.031683469,617,0,1
3116,58,0,1,2.417237298,3,0,1
3116,58,1,1,2.088215086,32,0,1
3116,267,0,1,2.416762213,3,0,1
3116,267,1,0,0,-1,0,1
3116,8,0,1,2.416631374,1,0,1
3116,8,1,0,0,-1,0,1
3118,58,0,1,2.419546639,3,0,1
3118,58,1,1,2.0899539,32,0,1
3118,267,0,1,2.419044206,3,0,1
3118,267,1,0,0,-1,0,1
3118,8,0,1,2.418880408,1,0,1
3118,8,1,0,0,-1,0,1
3118,180,0,1,2.418883366,1,1,1
3118,180,1,1,-0.2372980226,176,0,1
3120,58,0,1,2.419540326,3,0,1
3120,58,1,1,2.08927805,36,0,1
3120,267,0,1,2.419032729,3,0,1
3120,267,1,0,0,-1,0,1
3120,8,0,1,2.41893203,1,1,1
3120,8,1,0,0,-1,0,1
3120,183,0,1,2.418898729,1,0,1
3120,183,1,0,0,-1,0,1
3122,58,0,1,2.419584777,3,0,1
3122,58,1,1,2.089513103,34,0,1
3122,267,0,1,2.419074429,3,0,1
3122,267,1,0,0,-1,0,1
3122,8,0,1,2.418918206,1,1,1
3122,8,1,0,0,-1,0,1
3122,180,0,1,2.418886053,1,0,1
3122,180,1,1,-0.2373302946,176,0,1
3124,58,0,1,2.419377965,3,0,1
3124,58,1,1,2.091984658,32,0,1
3124,681,1,1,2.419223668,3,0,1
3124,681,0,0,0,-1,0,1
3124,951,0,1,2.41893458,1,1,1
3124,951,1,0,0,-1,0,1
3124,267,0,1,2.418776775,3,0,1
3124,267,1,0,0,-1,0,1
3126,58,0,1,2.419596838,3,0,1
3126,58,1,1,2.089971949,32,0,1
3126,267,0,1,2.419045212,3,0,1
3126,267,1,0,0,-1,0,1
3126,183,0,1,2.418962392,1,1,1
3126,183,1,0,0,-1,0,1
3126,180,0,1,2.418957579,1,0,1
3126,180,1,1,-0.237295742,176,0,1
3128,58,0,1,2.419607318,3,0,1
3128,58,1,1,2.089274391,36,0,1
3128,267,0,1,2.419088618,3,0,1
3128,267,1,0,0,-1,0,1
3128,8,0,1,2.418922429,1,0,1
3128,8,1,0,0,-1,0,1
3128,180,0,1,2.418938537,1,1,1
3128,180,1,1,-0.2372894454,176,0,1
3130,58,0,1,2.419592683,3,0,1
3130,58,1,1,2.089260679,36,0,1
3130,267,0,1,2.419079817,3,0,1
3130,267,1,0,0,-1,0,1
3130,183,0,1,2.418924729,1,0,1
3130,183,1,0,0,-1,0,1
3130,180,0,1,2.418935714,1,1,1
3130,180,1,1,-0.2373088815,176,0,1
3132,58,0,1,2.419558447,3,0,1
3132,58,1,1,2.089469834,34,0,1
3132,267,0,1,2.419057065,3,0,1
3132,267,1,0,0,-1,0,1
3132,180,0,1,2.418960108,1,0,1
3132,180,1,1,-0.2372713178,176,0,1
3132,8,0,1,2.418999418,1,1,1
3132,8,1,0,0,-1,0,1
3133,58,0,1,2.415554738,3,0,1
3133,58,1,1,2.084905909,36,0,1
3133,681,1,1,2.415456983,3,0,1
3133,681,0,0,0,-1,0,1
3133,267,0,1,2.415047095,3,0,1
3133,267,1,0,0,-1,0,1
3133,180,0,1,2.414960475,1,1,1
3133,180,1,1,-0.2399510136,176,0,1
3135,58,0,1,2.415553181,3,0,1
3135,58,1,1,2.08579975,34,0,1
3135,267,0,1,2.414994353,3,0,1
3135,267,1,0,0,-1,0,1
3135,8,0,1,2.414954845,1,1,1
3135,8,1,0,0,-1,0,1
3135,183,0,1,2.414865052,1,0,1
3135,183,1,0,0,-1,0,1
3137,58,0,1,2.415520365,3,0,1
3137,58,1,1,2.0854962,32,0,1
3137,681,1,1,2.415434427,3,0,1
3137,681,0,0,0,-1,0,1
3137,267,0,1,2.415016475,3,0,1
3137,267,1,0,0,-1,0,1
3137,180,0,1,2.414966886,1,1,1
3137,180,1,1,-0.2399481906,176,0,1
3139,58,0,1,2.415557854,3,0,1
3139,58,1,1,2.08499695,36,0,1
3139,681,1,1,2.41546605,3,0,1
3139,681,0,0,0,-1,0,1
3139,267,0,1,2.415047298,3,0,1
3139,267,1,0,0,-1,0,1
3139,183,0,1,2.414940846,1,1,1
3139,183,1,0,0,-1,0,1
3141,58,0,1,2.415567277,3,0,1
3141,58,1,1,2.084943,36,0,1
3141,681,1,1,2.415508948,3,0,1
3141,681,0,0,0,-1,0,1
3141,183,0,1,2.415024688,1,1,1
3141,183,1,0,0,-1,0,1
3141,267,0,1,2.415075077,3,0,1
3141,267,1,0,0,-1,0,1
3143,58,0,1,2.415546968,3,0,1
3143,58,1,1,2.085914282,34,0,1
3143,267,0,1,2.415065165,3,0,1
3143,267,1,0,0,-1,0,1
3143,8,0,1,2.414934853,1,1,1
3143,8,1,0,0,-1,0,1
3143,180,0,1,2.414863926,1,0,1
3143,180,1,1,-0.2416540775,176,0,1
3145,58,0,1,2.415569056,3,0,1
3145,58,1,1,2.085832844,34,0,1
3145,267,0,1,2.415097201,3,0,1
3145,267,1,0,0,-1,0,1
3145,8,0,1,2.414999959,1,1,1
3145,8,1,0,0,-1,0,1
3145,180,0,1,2.414907267,1,0,1
3145,180,1,1,-0.2415904893,176,0,1
3147,58,0,1,2.415551228,3,0,1
3147,58,1,1,2.086249559,32,0,1
3147,267,0,1,2.415078101,3,0,1
3147,267,1,0,0,-1,0,1
3147,8,0,1,2.415023791,1,1,1
3147,8,1,0,0,-1,0,1
3147,180,0,1,2.4149388,1,0,1
3147,180,1,1,-0.2416454491,176,0,1
3149,58,0,1,2.415560574,3,0,1
3149,58,1,1,2.0867775,37,0,1
3149,267,0,1,2.415076226,3,0,1
3149,267,1,0,0,-1,0,1
3149,8,0,1,2.415015084,1,1,1
3149,8,1,0,0,-1,0,1
3149,180,0,1,2.41493475,1,0,1
3149,180,1,1,-0.2416471557,176,0,1
3151,58,0,1,2.415528086,3,0,1
3151,58,1,1,2.08605529,37,0,1
3151,681,1,1,2.415455991,3,0,1
3151,681,0,0,0,-1,0,1
3151,267,0,1,2.41503164,3,0,1
3151,267,1,0,0,-1,0,1
3151,180,0,1,2.414978781,1,1,1
3151,180,1,1,-0.2399117814,176,0,1
3152,58,0,1,2.411517913,3,0,1
3152,58,1,1,2.081749331,32,0,1
3152,681,1,1,2.411438899,3,0,1
3152,681,0,0,0,-1,0,1
3152,267,0,1,2.410989859,3,0,1
3152,267,1,0,0,-1,0,1
3152,628,1,1,2.411083574,2,1,1
3152,628,0,0,0,-1,0,1
3154,681,1,1,2.411499809,3,0,1
3154,681,0,0,0,-1,0,1
3154,58,0,1,2.411573353,3,0,1
3154,58,1,1,2.081534834,34,0,1
3154,267,0,1,2.411041281,3,0,1
3154,267,1,0,0,-1,0,1
3154,628,1,1,2.410989771,2,1,1
3154,628,0,0,0,-1,0,1
3156,58,0,1,2.411556114,3,0,1
3156,58,1,1,2.079211845,36,0,1
3156,681,1,1,2.411511808,3,0,1
3156,681,0,0,0,-1,0,1
3156,180,0,1,2.411059031,1,1,1
3156,180,1,1,-0.250098006,212,0,1
3156,267,0,1,2.411093508,3,0,1
3156,267,1,0,0,-1,0,1
3158,58,0,1,2.411553636,3,0,1
3158,58,1,1,2.079821639,36,0,1
3158,8,0,1,2.411009794,1,1,1
3158,8,1,0,0,-1,0,1
3158,267,0,1,2.411076143,3,0,1
3158,267,1,0,0,-1,0,1
3158,183,0,1,2.410913898,1,0,1
3158,183,1,0,0,-1,0,1
3160,58,0,1,2.411427458,3,0,1
3160,58,1,1,2.082551756,32,0,1
3160,681,1,1,2.411400161,3,0,1
3160,681,0,0,0,-1,0,1
3160,951,0,1,2.411062895,1,1,1
3160,951,1,0,0,-1,0,1
3160,267,0,1,2.410924889,3,0,1
3160,267,1,0,0,-1,0,1
3162,58,0,1,2.411532622,3,0,1
3162,58,1,1,2.08014436,34,0,1
3162,267,0,1,2.411075228,3,0,1
3162,267,1,0,0,-1,0,1
3162,8,0,1,2.411045112,1,1,1
3162,8,1,0,0,-1,0,1
3162,183,0,1,2.410902231,1,0,1
3162,183,1,0,0,-1,0,1
3164,58,0,1,2.411573704,3,0,1
3164,58,1,1,2.080980753,37,0,1
3164,8,0,1,2.41104503,1,1,1
3164,8,1,0,0,-1,0,1
3164,267,0,1,2.411098274,3,0,1
3164,267,1,0,0,-1,0,1
3164,183,0,1,2.410935726,1,0,1
3164,183,1,0,0,-1,0,1
3166,58,0,1,2.411567227,3,0,1
3166,58,1,1,2.08146057,34,0,1
3166,681,1,1,2.411514804,3,0,1
3166,681,0,0,0,-1,0,1
3166,628,1,1,2.410987594,2,1,1
3166,628,0,0,0,-1,0,1
3166,267,0,1,2.411055584,3,0,1
3166,267,1,0,0,-1,0,1
3168,681,1,1,2.411503882,3,0,1
3168,681,0,0,0,-1,0,1
3168,58,0,1,2.411576727,3,0,1
3168,58,1,1,2.081331265,36,0,1
3168,267,0,1,2.411051309,3,0,1
3168,267,1,0,0,-1,0,1
3168,628,1,1,2.411055895,2,1,1
3168,628,0,0,0,-1,0,1
3170,58,0,1,2.411572934,3,0,1
3170,58,1,1,2.081371822,36,0,1
3170,681,1,1,2.411492716,3,0,1
3170,681,0,0,0,-1,0,1
3170,267,0,1,2.411038644,3,0,1
3170,267,1,0,0,-1,0,1
3170,628,1,1,2.411033938,2,1,1
3170,628,0,0,0,-1,0,1
3171,58,0,1,2.407622547,3,0,1
3171,58,1,1,2.075702843,36,0,1
3171,681,1,1,2.4076025,3,0,1
3171,681,0,0,0,-1,0,1
3171,267,0,1,2.407152564,3,0,1
3171,267,1,0,0,-1,0,1
3171,183,0,1,2.407104765,1,1,1
3171,183,1,0,0,-1,0,1
3173,58,0,1,2.407618072,3,0,1
3173,58,1,1,2.075685677,36,0,1
3173,681,1,1,2.407611856,3,0,1
3173,681,0,0,0,-1,0,1
3173,267,0,1,2.407158068,3,0,1
3173,267,1,0,0,-1,0,1
3173,183,0,1,2.407068754,1,1,1
3173,183,1,0,0,-1,0,1
3175,58,0,1,2.407659308,3,0,1
3175,58,1,1,2.075862124,34,0,1
3175,681,1,1,2.407663371,3,0,1
3175,681,0,0,0,-1,0,1
3175,267,0,1,2.407208517,3,0,1
3175,267,1,0,0,-1,0,1
3175,183,0,1,2.407067114,1,1,1
3175,183,1,0,0,-1,0,1
3177,58,0,1,2.407604468,3,0,1
3177,58,1,1,2.075748682,36,0,1
3177,681,1,1,2.407613806,3,0,1
3177,681,0,0,0,-1,0,1
3177,267,0,1,2.407147324,3,0,1
3177,267,1,0,0,-1,0,1
3177,183,0,1,2.407060878,1,1,1
3177,183,1,0,0,-1,0,1
3179,58,0,1,2.407607886,3,0,1
3179,58,1,1,2.075797859,36,0,1
3179,681,1,1,2.407609331,3,0,1
3179,681,0,0,0,-1,0,1
3179,267,0,1,2.407154689,3,0,1
3179,267,1,0,0,-1,0,1
3179,183,0,1,2.407045785,1,1,1
3179,183,1,0,0,-1,0,1
3181,681,1,1,2.407605955,3,0,1
3181,681,0,0,0,-1,0,1
3181,58,0,1,2.407613383,3,0,1
3181,58,1,1,2.077933047,34,0,1
3181,267,0,1,2.407144587,3,0,1
3181,267,1,0,0,-1,0,1
3181,628,1,1,2.4070347,2,1,1
3181,628,0,0,0,-1,0,1
3183,449,0,1,2.407104348,2,1,1
3183,449,1,0,0,-1,0,1
3183,58,0,1,2.406610967,3,0,1
3183,58,1,1,2.075966153,36,0,1
3183,681,1,1,2.406620127,3,0,1
3183,681,0,0,0,-1,0,1
3183,267,0,1,2.40614556,3,0,1
3183,267,1,0,0,-1,0,1
3185,681,1,1,2.407624619,3,0,1
3185,681,0,0,0,-1,0,1
3185,58,0,1,2.407641082,3,0,1
3185,58,1,1,2.075790863,36,0,1
3185,267,0,1,2.407186009,3,0,1
3185,267,1,0,0,-1,0,1
3185,183,0,1,2.407048752,1,1,1
3185,183,1,0,0,-1,0,1
3187,58,0,1,2.407626431,3,0,1
3187,58,1,1,2.075698986,36,0,1
3187,681,1,1,2.407624595,3,0,1
3187,681,0,0,0,-1,0,1
3187,267,0,1,2.407170842,3,0,1
3187,267,1,0,0,-1,0,1
3187,183,0,1,2.407075865,1,1,1
3187,183,1,0,0,-1,0,1
3189,58,0,1,2.407615378,3,0,1
3189,58,1,1,2.075666031,36,0,1
3189,681,1,1,2.4076198,3,0,1
3189,681,0,0,0,-1,0,1
3189,267,0,1,2.407164432,3,0,1
3189,267,1,0,0,-1,0,1
3189,183,0,1,2.407051353,1,1,1
3189,183,1,0,0,-1,0,1
3190,58,0,1,2.4036749,3,0,1
3190,58,1,1,2.073281295,37,0,1
3190,681,1,1,2.403705436,3,0,1
3190,681,0,0,0,-1,0,1
3190,267,0,1,2.403257313,3,0,1
3190,267,1,0,0,-1,0,1
3190,698,1,1,2.403164875,2,1,1
3190,698,0,0,0,-1,0,1
3192,681,1,1,2.403709053,3,0,1
3192,681,0,0,0,-1,0,1
3192,58,0,1,2.403690194,3,0,1
3192,58,1,1,2.072406913,34,0,1
3192,267,0,1,2.403258901,3,0,1
3192,267,1,0,0,-1,0,1
3192,698,1,1,2.403133756,2,1,1
3192,698,0,0,0,-1,0,1
3194,681,1,1,2.403748982,3,0,1
3194,681,0,0,0,-1,0,1
3194,58,0,1,2.403720627,3,0,1
3194,58,1,1,2.072408226,34,0,1
3194,267,0,1,2.403285282,3,0,1
3194,267,1,0,0,-1,0,1
3194,698,1,1,2.403115832,2,1,1
3194,698,0,0,0,-1,0,1
3196,681,1,1,2.403759659,3,0,1
3196,681,0,0,0,-1,0,1
3196,58,0,1,2.403723619,3,0,1
3196,58,1,1,2.072384495,34,0,1
3196,267,0,1,2.403307784,3,0,1
3196,267,1,0,0,-1,0,1
3196,698,1,1,2.403126544,2,1,1
3196,698,0,0,0,-1,0,1
3198,681,1,1,2.403749615,3,0,1
3198,681,0,0,0,-1,0,1
3198,58,0,1,2.403724364,3,0,1
3198,58,1,1,2.072304438,36,0,1
3198,267,0,1,2.403293245,3,0,1
3198,267,1,0,0,-1,0,1
3198,698,1,1,2.403129637,2,1,1
3198,698,0,0,0,-1,0,1
3200,681,1,1,2.403760898,3,0,1
3200,681,0,0,0,-1,0,1
3200,58,0,1,2.403740699,3,0,1
3200,58,1,1,2.072345747,36,0,1
3200,267,0,1,2.403312557,3,0,1
3200,267,1,0,0,-1,0,1
3200,698,1,1,2.403117416,2,1,1
3200,698,0,0,0,-1,0,1
3202,681,1,1,2.403752159,3,0,1
3202,681,0,0,0,-1,0,1
3202,58,0,1,2.403728825,3,0,1
3202,58,1,1,2.072450015,34,0,1
3202,267,0,1,2.403298219,3,0,1
3202,267,1,0,0,-1,0,1
3202,698,1,1,2.403134607,2,1,1
3202,698,0,0,0,-1,0,1
3204,681,1,1,2.403751058,3,0,1
3204,681,0,0,0,-1,0,1
3204,58,0,1,2.403722843,3,0,1
3204,58,1,1,2.072034809,33,0,1
3204,267,0,1,2.403296687,3,0,1
3204,267,1,0,0,-1,0,1
3204,698,1,1,2.403134468,2,1,1
3204,698,0,0,0,-1,0,1
3206,681,1,1,2.403768544,3,0,1
3206,681,0,0,0,-1,0,1
3206,58,0,1,2.403738116,3,0,1
3206,58,1,1,2.072377324,34,0,1
3206,267,0,1,2.403312227,3,0,1
3206,267,1,0,0,-1,0,1
3206,698,1,1,2.403134858,2,1,1
3206,698,0,0,0,-1,0,1
3208,681,1,1,2.403760366,3,0,1
3208,681,0,0,0,-1,0,1
3208,58,0,1,2.403735346,3,0,1
3208,58,1,1,2.072398618,34,0,1
3208,267,0,1,2.403305573,3,0,1
3208,267,1,0,0,-1,0,1
3208,698,1,1,2.403153347,2,1,1
3208,698,0,0,0,-1,0,1
3209,58,0,1,2.399707991,3,0,1
3209,58,1,1,2.068077529,36,0,1
3209,681,1,1,2.399775739,3,0,1
3209,681,0,0,0,-1,0,1
3209,267,0,1,2.399309226,3,0,1
3209,267,1,0,0,-1,0,1
3209,520,1,1,2.398951594,1,1,1
3209,520,0,0,0,-1,0,1
3211,681,1,1,2.399757696,3,0,1
3211,681,0,0,0,-1,0,1
3211,58,0,1,2.399700814,3,0,1
3211,58,1,1,2.068248391,36,0,1
3211,267,0,1,2.399283588,3,0,1
3211,267,1,0,0,-1,0,1
3211,520,1,1,2.398954374,2,1,1
3211,520,0,0,0,-1,0,1
3213,681,1,1,2.399757794,3,0,1
3213,681,0,0,0,-1,0,1
3213,58,0,1,2.399706914,3,0,1
3213,58,1,1,2.068187773,36,0,1
3213,267,0,1,2.399282174,3,0,1
3213,267,1,0,0,-1,0,1
3213,520,1,1,2.399003769,2,1,1
3213,520,0,0,0,-1,0,1
3215,681,1,1,2.399696191,3,1,1
3215,681,0,0,0,-1,0,1
3215,58,0,1,2.399653491,3,0,1
3215,58,1,1,2.068170659,36,0,1
3215,267,0,1,2.399224026,3,0,1
3215,267,1,0,0,-1,0,1
3215,577,0,1,2.398973221,3,0,1
3215,577,1,0,0,-1,0,1
3217,267,0,1,2.400800868,3,0,1
3217,267,1,0,0,-1,0,1
3217,58,0,1,2.400403334,3,0,1
3217,58,1,1,2.068647397,36,0,1
3217,698,1,1,2.399736059,2,1,1
3217,698,0,0,0,-1,0,1
3217,520,1,1,2.399542315,2,0,1
3217,520,0,0,0,-1,0,1
3219,267,0,1,2.400753337,3,0,1
3219,267,1,0,0,-1,0,1
3219,58,0,1,2.400374225,3,0,1
3219,58,1,1,2.068654066,36,0,1
3219,698,1,1,2.399784236,2,1,1
3219,698,0,0,0,-1,0,1
3219,520,1,1,2.39957899,2,0,1
3219,520,0,0,0,-1,0,1
3221,267,0,1,2.400766136,3,0,1
3221,267,1,0,0,-1,0,1
3221,58,0,1,2.400370575,3,0,1
3221,58,1,1,2.068716249,36,0,1
3221,698,1,1,2.399760611,2,1,1
3221,698,0,0,0,-1,0,1
3221,520,1,1,2.399556719,2,0,1
3221,520,0,0,0,-1,0,1
3223,267,0,1,2.40076745,3,0,1
3223,267,1,0,0,-1,0,1
3223,58,0,1,2.400364968,3,0,1
3223,58,1,1,2.068748131,36,0,1
3223,698,1,1,2.399763763,2,1,1
3223,698,0,0,0,-1,0,1
3223,520,1,1,2.399580568,2,0,1
3223,520,0,0,0,-1,0,1
3225,267,0,1,2.400765952,3,0,1
3225,267,1,0,0,-1,0,1
3225,58,0,1,2.400368662,3,0,1
3225,58,1,1,2.068741069,36,0,1
3225,698,1,1,2.399763024,2,1,1
3225,698,0,0,0,-1,0,1
3225,520,1,1,2.399577292,2,0,1
3225,520,0,0,0,-1,0,1
3227,267,0,1,2.400776946,3,0,1
3227,267,1,0,0,-1,0,1
3227,58,0,1,2.400384201,3,0,1
3227,58,1,1,2.068701844,36,0,1
3227,698,1,1,2.399763874,2,1,1
3227,698,0,0,0,-1,0,1
3227,520,1,1,2.39957063,2,0,1
3227,520,0,0,0,-1,0,1
3228,267,0,1,2.396791173,3,1,1
3228,267,1,0,0,-1,0,1
3228,58,0,1,2.396366673,3,0,1
3228,58,1,1,2.064484096,36,0,1
3228,577,0,1,2.395776311,3,0,1
3228,577,1,0,0,-1,0,1
3228,553,1,1,2.395676336,3,0,1
3228,553,0,0,0,-1,0,1
3230,58,0,1,2.397445662,3,0,1
3230,58,1,1,2.065442787,36,0,1
3230,280,0,1,2.396882419,3,0,1
3230,280,1,1,2.352466352,11,0,1
3230,698,1,1,2.396764598,2,1,1
3230,698,0,0,0,-1,0,1
3230,520,1,1,2.396605404,2,0,1
3230,520,0,0,0,-1,0,1
3232,58,0,1,2.397459524,3,0,1
3232,58,1,1,2.065412377,36,0,1
3232,280,0,1,2.396901467,3,0,1
3232,280,1,1,2.352127092,8,0,1
3232,698,1,1,2.396764644,2,1,1
3232,698,0,0,0,-1,0,1
3232,520,1,1,2.39661327,2,0,1
3232,520,0,0,0,-1,0,1
3234,58,0,1,2.397455183,3,0,1
3234,58,1,1,2.066455734,37,0,1
3234,280,0,1,2.396900568,3,0,1
3234,280,1,1,2.352465711,11,0,1
3234,698,1,1,2.396774072,2,1,1
3234,698,0,0,0,-1,0,1
3234,577,0,1,2.396630543,3,0,1
3234,577,1,0,0,-1,0,1
3236,58,0,1,2.397473281,3,0,1
3236,58,1,1,2.066421483,37,0,1
3236,280,0,1,2.396920755,3,0,1
3236,280,1,1,2.352412649,11,0,1
3236,698,1,1,2.396765804,2,1,1
3236,698,0,0,0,-1,0,1
3236,577,0,1,2.39664865,3,0,1
3236,577,1,0,0,-1,0,1
3238,58,0,1,2.397478672,3,0,1
3238,58,1,1,2.065530189,36,0,1
3238,280,0,1,2.396922488,3,0,1
3238,280,1,1,2.352390555,11,0,1
3238,698,1,1,2.39677487,2,1,1
3238,698,0,0,0,-1,0,1
3238,577,0,1,2.396651225,3,0,1
3238,577,1,0,0,-1,0,1
3240,58,0,1,2.397477288,3,0,1
3240,58,1,1,2.065513676,36,0,1
3240,280,0,1,2.396916877,3,0,1
3240,280,1,1,2.352445112,11,0,1
3240,698,1,1,2.396775651,2,1,1
3240,698,0,0,0,-1,0,1
3240,577,0,1,2.396647668,3,0,1
3240,577,1,0,0,-1,0,1
3242,58,0,1,2.397484946,3,0,1
3242,58,1,1,2.065482243,36,0,1
3242,280,0,1,2.39692415,3,0,1
3242,280,1,1,2.352524371,11,0,1
3242,698,1,1,2.396777668,2,1,1
3242,698,0,0,0,-1,0,1
3242,577,0,1,2.396649653,3,0,1
3242,577,1,0,0,-1,0,1
3244,58,0,1,2.397481953,3,0,1
3244,58,1,1,2.065480836,36,0,1
3244,280,0,1,2.396920035,3,0,1
3244,280,1,1,2.352552656,11,0,1
3244,698,1,1,2.396795455,2,1,1
3244,698,0,0,0,-1,0,1
3244,577,0,1,2.396645399,3,0,1
3244,577,1,0,0,-1,0,1
3246,58,0,1,2.397482942,3,0,1
3246,58,1,1,2.065507824,36,0,1
3246,280,0,1,2.396921926,3,0,1
3246,280,1,1,2.352523586,11,0,1
3246,698,1,1,2.396799683,2,1,1
3246,698,0,0,0,-1,0,1
3246,577,0,1,2.396646054,3,0,1
3246,577,1,0,0,-1,0,1
3247,58,0,1,2.393453838,3,1,1
3247,58,1,1,2.061255681,36,0,1
3247,280,0,1,2.392948156,3,0,1
3247,280,1,1,2.348239448,8,0,1
3247,577,0,1,2.392912111,3,0,1
3247,577,1,0,0,-1,0,1
3247,553,1,1,2.392799278,3,0,1
3247,553,0,0,0,-1,0,1
3249,280,0,1,2.393555142,3,0,1
3249,280,1,1,2.3494631,9,0,1
3249,698,1,1,2.393423834,2,1,1
3249,698,0,0,0,-1,0,1
3249,520,1,1,2.393274706,2,0,1
3249,520,0,0,0,-1,0,1
3249,577,0,1,2.393272052,3,0,1
3249,577,1,0,0,-1,0,1
3251,280,0,1,2.393582531,3,0,1
3251,280,1,1,2.348943171,11,0,1
3251,698,1,1,2.393400924,2,1,1
3251,698,0,0,0,-1,0,1
3251,577,0,1,2.3932878,3,0,1
3251,577,1,0,0,-1,0,1
3251,520,1,1,2.393278878,2,0,1
3251,520,0,0,0,-1,0,1
3253,280,0,1,2.39358205,3,0,1
3253,280,1,1,2.348979089,11,0,1
3253,698,1,1,2.393403532,2,1,1
3253,698,0,0,0,-1,0,1
3253,577,0,1,2.393287194,3,0,1
3253,577,1,0,0,-1,0,1
3253,520,1,1,2.393272717,2,0,1
3253,520,0,0,0,-1,0,1
3255,280,0,1,2.393599418,3,0,1
3255,280,1,1,2.349061386,11,0,1
3255,698,1,1,2.393396661,2,1,1
3255,698,0,0,0,-1,0,1
3255,577,0,1,2.393306577,3,0,1
3255,577,1,0,0,-1,0,1
3255,520,1,1,2.393261146,2,0,1
3255,520,0,0,0,-1,0,1
3257,280,0,1,2.393620253,3,0,1
3257,280,1,1,2.349099151,11,0,1
3257,698,1,1,2.393396616,2,1,1
3257,698,0,0,0,-1,0,1
3257,577,0,1,2.39332004,3,0,1
3257,577,1,0,0,-1,0,1
3257,520,1,1,2.393265142,2,0,1
3257,520,0,0,0,-1,0,1
3259,280,0,1,2.393623854,3,0,1
3259,280,1,1,2.349099593,11,0,1
3259,698,1,1,2.393402747,2,1,1
3259,698,0,0,0,-1,0,1
3259,577,0,1,2.393324576,3,0,1
3259,577,1,0,0,-1,0,1
3259,520,1,1,2.393274684,2,0,1
3259,520,0,0,0,-1,0,1
3261,280,0,1,2.393626107,3,0,1
3261,280,1,1,2.349094854,11,0,1
3261,698,1,1,2.393410251,2,1,1
3261,698,0,0,0,-1,0,1
3261,577,0,1,2.393324982,3,0,1
3261,577,1,0,0,-1,0,1
3261,520,1,1,2.393288117,2,0,1
3261,520,0,0,0,-1,0,1
3263,280,0,1,2.393628726,3,0,1
3263,280,1,1,2.349089333,11,0,1
3263,698,1,1,2.393420117,2,1,1
3263,698,0,0,0,-1,0,1
3263,577,0,1,2.393328828,3,0,1
3263,577,1,0,0,-1,0,1
3263,520,1,1,2.393297105,2,0,1
3263,520,0,0,0,-1,0,1
3265,280,0,1,2.393627887,3,0,1
3265,280,1,1,2.349098113,11,0,1
3265,698,1,1,2.393428232,2,1,1
3265,698,0,0,0,-1,0,1
3265,577,0,1,2.393327071,3,0,1
3265,577,1,0,0,-1,0,1
3265,520,1,1,2.393304787,2,0,1
3265,520,0,0,0,-1,0,1
3266,280,0,1,2.389636431,3,0,1
3266,280,1,1,2.344794718,8,0,1
3266,577,0,1,2.389574655,3,0,1
3266,577,1,0,0,-1,0,1
3266,553,1,1,2.389476551,3,0,1
3266,553,0,0,0,-1,0,1
3266,520,1,1,2.389290077,1,1,1
3266,520,0,0,0,-1,0,1
3268,280,0,1,2.389594277,3,0,1
3268,280,1,1,2.345328142,11,0,1
3268,577,0,1,2.389536631,3,0,1
3268,577,1,0,0,-1,0,1
3268,553,1,1,2.389381681,3,0,1
3268,553,0,0,0,-1,0,1
3268,520,1,1,2.389316515,2,1,1
3268,520,0,0,0,-1,0,1
3270,280,0,1,2.389590548,3,0,1
3270,280,1,1,2.345624041,9,0,1
3270,577,0,1,2.389515132,3,0,1
3270,577,1,0,0,-1,0,1
3270,553,1,1,2.389398116,3,0,1
3270,553,0,0,0,-1,0,1
3270,520,1,1,2.389342845,2,1,1
3270,520,0,0,0,-1,0,1
3272,280,0,1,2.389551775,3,0,1
3272,280,1,1,2.345137526,8,0,1
3272,577,0,1,2.38949345,3,0,1
3272,577,1,0,0,-1,0,1
3272,553,1,1,2.389359597,3,0,1
3272,553,0,0,0,-1,0,1
3272,520,1,1,2.389253899,1,1,1
3272,520,0,0,0,-1,0,1
3274,280,0,1,2.389691277,3,0,1
3274,280,1,1,2.345565206,9,0,1
3274,577,0,1,2.38961625,3,0,1
3274,577,1,0,0,-1,0,1
3274,553,1,1,2.389502329,3,0,1
3274,553,0,0,0,-1,0,1
3274,520,1,1,2.389323862,2,1,1
3274,520,0,0,0,-1,0,1
3276,280,0,1,2.389697826,3,0,1
3276,280,1,1,2.344811843,8,0,1
3276,577,0,1,2.389633094,3,0,1
3276,577,1,0,0,-1,0,1
3276,553,1,1,2.389513873,3,0,1
3276,553,0,0,0,-1,0,1
3276,520,1,1,2.3893462,1,1,1
3276,520,0,0,0,-1,0,1
3278,280,0,1,2.389618755,3,0,1
3278,280,1,1,2.345510885,9,0,1
3278,577,0,1,2.389542475,3,0,1
3278,577,1,0,0,-1,0,1
3278,553,1,1,2.389479328,3,0,1
3278,553,0,0,0,-1,0,1
3278,520,1,1,2.389409242,1,1,1
3278,520,0,0,0,-1,0,1
3280,280,0,1,2.389620866,3,0,1
3280,280,1,1,2.344814282,8,0,1
3280,577,0,1,2.389553633,3,0,1
3280,577,1,0,0,-1,0,1
3280,553,1,1,2.389477166,3,0,1
3280,553,0,0,0,-1,0,1
3280,520,1,1,2.389369845,1,1,1
3280,520,0,0,0,-1,0,1
3282,280,0,1,2.389647899,3,0,1
3282,280,1,1,2.345492291,9,0,1
3282,577,0,1,2.389565779,3,0,1
3282,577,1,0,0,-1,0,1
3282,553,1,1,2.389476624,3,0,1
3282,553,0,0,0,-1,0,1
3282,520,1,1,2.38938728,1,1,1
3282,520,0,0,0,-1,0,1
3284,280,0,1,2.389619453,3,0,1
3284,280,1,1,2.345706971,9,0,1
3284,577,0,1,2.389543761,3,0,1
3284,577,1,0,0,-1,0,1
3284,553,1,1,2.389446669,3,0,1
3284,553,0,0,0,-1,0,1
3284,520,1,1,2.389378951,1,1,1
3284,520,0,0,0,-1,0,1
3285,280,0,1,2.385495018,3,1,1
3285,280,1,1,2.340661034,8,0,1
3285,577,0,1,2.385352663,3,0,1
3285,577,1,0,0,-1,0,1
3285,553,1,1,2.385311498,3,0,1
3285,553,0,0,0,-1,0,1
3285,523,1,1,2.385100174,3,0,1
3285,523,0,0,0,-1,0,1
3287,577,0,1,2.385791383,3,0,1
3287,577,1,0,0,-1,0,1
3287,386,0,1,2.385727139,2,1,1
3287,386,1,0,0,-1,0,1
3287,553,1,1,2.385595561,3,0,1
3287,553,0,0,0,-1,0,1
3287,600,0,1,2.385659274,2,0,1
3287,600,1,0,0,-1,0,1
3289,115,0,1,2.386747779,2,0,1
3289,115,1,0,0,-1,0,1
3289,848,1,1,2.386408001,1,1,1
3289,848,0,0,0,-1,0,1
3289,600,0,1,2.386112526,2,0,1
3289,600,1,0,0,-1,0,1
3289,698,1,1,2.385710598,2,0,1
3289,698,0,0,0,-1,0,1
3291,386,0,1,2.390162608,1,1,1
3291,386,1,0,0,-1,0,1
3291,600,0,1,2.388966345,2,0,1
3291,600,1,0,0,-1,0,1
3291,183,0,1,2.388945787,1,0,1
3291,183,1,0,0,-1,0,1
3291,698,1,1,2.388837132,2,0,1
3291,698,0,0,0,-1,0,1
3293,1,1,1,2.390178367,1,1,1
3293,1,0,0,0,-1,0,1
3293,600,0,1,2.389546123,2,0,1
3293,600,1,0,0,-1,0,1
3293,183,0,1,2.389307947,1,0,1
3293,183,1,0,0,-1,0,1
3293,698,1,1,2.389189845,2,0,1
3293,698,0,0,0,-1,0,1
3295,951,0,1,2.390153765,1,1,1
3295,951,1,0,0,-1,0,1
3295,600,0,1,2.390087034,2,0,1
3295,600,1,0,0,-1,0,1
3295,183,0,1,2.389867239,1,0,1
3295,183,1,0,0,-1,0,1
3295,698,1,1,2.389728001,2,0,1
3295,698,0,0,0,-1,0,1
3297,600,0,1,2.390545089,2,0,1
3297,600,1,0,0,-1,0,1
3297,183,0,1,2.390352842,1,1,1
3297,183,1,0,0,-1,0,1
3297,698,1,1,2.390147146,2,0,1
3297,698,0,0,0,-1,0,1
3297,180,0,1,2.390176336,1,0,1
3297,180,1,1,-0.2746527847,211,0,1
3299,600,0,1,2.390755791,2,0,1
3299,600,1,0,0,-1,0,1
3299,653,1,1,2.390346458,2,0,1
3299,653,0,0,0,-1,0,1
3299,180,0,1,2.390240192,1,1,1
3299,180,1,1,-0.2754136569,211,0,1
3299,698,1,1,2.390312654,2,0,1
3299,698,0,0,0,-1,0,1
3301,600,0,1,2.390700208,2,0,1
3301,600,1,0,0,-1,0,1
3301,653,1,1,2.390324661,2,0,1
3301,653,0,0,0,-1,0,1
3301,698,1,1,2.390301601,2,0,1
3301,698,0,0,0,-1,0,1
3301,180,0,1,2.390220698,1,1,1
3301,180,1,1,-0.2754072742,211,0,1
3303,600,0,1,2.390724587,2,1,1
3303,600,1,0,0,-1,0,1
3303,653,1,1,2.390380042,2,0,1
3303,653,0,0,0,-1,0,1
3303,698,1,1,2.390352949,2,0,1
3303,698,0,0,0,-1,0,1
3303,577,0,1,2.390255489,3,0,1
3303,577,1,0,0,-1,0,1
3304,653,1,1,2.386800652,2,0,1
3304,653,0,0,0,-1,0,1
3304,577,0,1,2.386831429,3,0,1
3304,577,1,0,0,-1,0,1
3304,698,1,1,2.386756217,2,0,1
3304,698,0,0,0,-1,0,1
3304,180,0,1,2.386765562,1,1,1
3304,180,1,1,-0.2771653199,211,0,1
3306,577,0,1,2.386811737,2,0,1
3306,577,1,0,0,-1,0,1
3306,653,1,1,2.386764695,2,0,1
3306,653,0,0,0,-1,0,1
3306,698,1,1,2.38672367,2,0,1
3306,698,0,0,0,-1,0,1
3306,180,0,1,2.386742835,1,1,1
3306,180,1,1,-0.277179823,211,0,1
3308,577,0,1,2.386800076,2,0,1
3308,577,1,0,0,-1,0,1
3308,653,1,1,2.386743187,2,0,1
3308,653,0,0,0,-1,0,1
3308,698,1,1,2.386690436,2,0,1
3308,698,0,0,0,-1,0,1
3308,180,0,1,2.386766862,1,1,1
3308,180,1,1,-0.2771244961,211,0,1
3310,577,0,1,2.386824995,2,0,1
3310,577,1,0,0,-1,0,1
3310,653,1,1,2.386777309,2,0,1
3310,653,0,0,0,-1,0,1
3310,698,1,1,2.386710616,2,0,1
3310,698,0,0,0,-1,0,1
3310,180,0,1,2.386726374,1,1,1
3310,180,1,1,-0.2771467277,211,0,1
3312,577,0,1,2.386845574,3,0,1
3312,577,1,0,0,-1,0,1
3312,653,1,1,2.386775663,2,0,1
3312,653,0,0,0,-1,0,1
3312,698,1,1,2.386723912,2,0,1
3312,698,0,0,0,-1,0,1
3312,180,0,1,2.386721146,1,1,1
3312,180,1,1,-0.2771651002,211,0,1
3314,577,0,1,2.38678845,3,0,1
3314,577,1,0,0,-1,0,1
3314,653,1,1,2.386825283,2,0,1
3314,653,0,0,0,-1,0,1
3314,698,1,1,2.386781374,2,0,1
3314,698,0,0,0,-1,0,1
3314,180,0,1,2.386675112,1,1,1
3314,180,1,1,-0.2771576717,211,0,1
3316,577,0,1,2.386874035,2,0,1
3316,577,1,0,0,-1,0,1
3316,653,1,1,2.386821357,2,0,1
3316,653,0,0,0,-1,0,1
3316,698,1,1,2.386770738,2,0,1
3316,698,0,0,0,-1,0,1
3316,180,0,1,2.386644674,1,1,1
3316,180,1,1,-0.2771485613,211,0,1
3318,577,0,1,2.386909398,2,0,1
3318,577,1,0,0,-1,0,1
3318,653,1,1,2.386858187,2,0,1
3318,653,0,0,0,-1,0,1
3318,698,1,1,2.386806758,2,0,1
3318,698,0,0,0,-1,0,1
3318,180,0,1,2.386625452,1,1,1
3318,180,1,1,-0.2771729441,211,0,1
3320,577,0,1,2.386946166,2,0,1
3320,577,1,0,0,-1,0,1
3320,653,1,1,2.38690689,2,0,1
3320,653,0,0,0,-1,0,1
3320,698,1,1,2.386856803,2,0,1
3320,698,0,0,0,-1,0,1
3320,180,0,1,2.386578743,1,1,1
3320,180,1,1,-0.2771563434,211,0,1
3322,577,0,1,2.386687804,3,0,1
3322,577,1,0,0,-1,0,1
3322,653,1,1,2.386922098,2,0,1
3322,653,0,0,0,-1,0,1
3322,698,1,1,2.386873213,2,0,1
3322,698,0,0,0,-1,0,1
3322,180,0,1,2.386552959,1,1,1
3322,180,1,1,-0.2771478379,211,0,1
3323,577,0,1,2.382739278,3,0,1
3323,577,1,0,0,-1,0,1
3323,653,1,1,2.382977,2,1,1
3323,653,0,0,0,-1,0,1
3323,698,1,1,2.382924003,2,0,1
3323,698,0,0,0,-1,0,1
3323,523,1,1,2.382833405,2,0,1
3323,523,0,0,0,-1,0,1
3325,577,0,1,2.382764378,2,0,1
3325,577,1,0,0,-1,0,1
3325,698,1,1,2.38267139,2,0,1
3325,698,0,0,0,-1,0,1
3325,180,0,1,2.383035198,1,1,1
3325,180,1,1,-0.2803733293,211,0,1
3325,520,1,1,2.382561201,2,0,1
3325,520,0,0,0,-1,0,1
3327,577,0,1,2.382752893,2,0,1
3327,577,1,0,0,-1,0,1
3327,180,0,1,2.383037253,1,1,1
3327,180,1,1,-0.2804282442,211,0,1
3327,698,1,1,2.382643337,2,0,1
3327,698,0,0,0,-1,0,1
3327,520,1,1,2.382527871,2,0,1
3327,520,0,0,0,-1,0,1
3329,577,0,1,2.382763157,2,0,1
3329,577,1,0,0,-1,0,1
3329,180,0,1,2.383003549,1,1,1
3329,180,1,1,-0.280398071,211,0,1
3329,698,1,1,2.382666023,2,0,1
3329,698,0,0,0,-1,0,1
3329,520,1,1,2.38256814,2,0,1
3329,520,0,0,0,-1,0,1
3331,577,0,1,2.383000604,3,0,1
3331,577,1,0,0,-1,0,1
3331,180,0,1,2.382940846,1,1,1
3331,180,1,1,-0.2803836052,211,0,1
3331,698,1,1,2.382702886,2,0,1
3331,698,0,0,0,-1,0,1
3331,520,1,1,2.382610813,2,0,1
3331,520,0,0,0,-1,0,1
3333,577,0,1,2.382945792,3,0,1
3333,577,1,0,0,-1,0,1
3333,180,0,1,2.382906249,1,1,1
3333,180,1,1,-0.2803874853,211,0,1
3333,698,1,1,2.382756661,2,0,1
3333,698,0,0,0,-1,0,1
3333,520,1,1,2.38265111,2,0,1
3333,520,0,0,0,-1,0,1
3335,577,0,1,2.382890067,3,0,1
3335,577,1,0,0,-1,0,1
3335,180,0,1,2.382824277,1,1,1
3335,180,1,1,-0.2804187141,211,0,1
3335,698,1,1,2.382820687,2,0,1
3335,698,0,0,0,-1,0,1
3335,520,1,1,2.382703668,2,0,1
3335,520,0,0,0,-1,0,1
3337,577,0,1,2.3828608,3,0,1
3337,577,1,0,0,-1,0,1
3337,180,0,1,2.382781975,1,1,1
3337,180,1,1,-0.2804036319,211,0,1
3337,698,1,1,2.382845391,2,0,1
3337,698,0,0,0,-1,0,1
3337,520,1,1,2.382736505,2,0,1
3337,520,0,0,0,-1,0,1
3339,577,0,1,2.382804534,3,0,1
3339,577,1,0,0,-1,0,1
3339,180,0,1,2.382726551,1,1,1
3339,180,1,1,-0.2803991921,211,0,1
3339,698,1,1,2.382898131,2,0,1
3339,698,0,0,0,-1,0,1
3339,520,1,1,2.382803593,2,0,1
3339,520,0,0,0,-1,0,1
3341,577,0,1,2.382779533,3,0,1
3341,577,1,0,0,-1,0,1
3341,180,0,1,2.382680556,1,1,1
3341,180,1,1,-0.2803977732,211,0,1
3341,698,1,1,2.382936636,2,0,1
3341,698,0,0,0,-1,0,1
3341,520,1,1,2.382843508,2,0,1
3341,520,0,0,0,-1,0,1
3342,577,0,1,2.378857345,3,0,1
3342,577,1,0,0,-1,0,1
3342,698,1,1,2.379014716,2,0,1
3342,698,0,0,0,-1,0,1
3342,520,1,1,2.378652641,1,1,1
3342,520,0,0,0,-1,0,1
3342,523,1,1,2.378594611,3,0,1
3342,523,0,0,0,-1,0,1
3344,577,0,1,2.37884668,3,0,1
3344,577,1,0,0,-1,0,1
3344,698,1,1,2.379027464,2,0,1
3344,698,0,0,0,-1,0,1
3344,520,1,1,2.37864329,1,1,1
3344,520,0,0,0,-1,0,1
3344,523,1,1,2.378904232,2,0,1
3344,523,0,0,0,-1,0,1
3346,577,0,1,2.378892512,3,0,1
3346,577,1,0,0,-1,0,1
3346,698,1,1,2.378995437,2,1,1
3346,698,0,0,0,-1,0,1
3346,523,1,1,2.378856031,2,0,1
3346,523,0,0,0,-1,0,1
3346,520,1,1,2.378876073,2,0,1
3346,520,0,0,0,-1,0,1
3348,577,0,1,2.378933864,3,0,1
3348,577,1,0,0,-1,0,1
3348,698,1,1,2.378927916,2,1,1
3348,698,0,0,0,-1,0,1
3348,520,1,1,2.378818709,2,0,1
3348,520,0,0,0,-1,0,1
3348,523,1,1,2.378722495,3,0,1
3348,523,0,0,0,-1,0,1
3350,577,0,1,2.379135073,3,0,1
3350,577,1,0,0,-1,0,1
3350,180,0,1,2.378850778,1,1,1
3350,180,1,1,-0.2856322379,211,0,1
3350,520,1,1,2.378744012,1,0,1
3350,520,0,0,0,-1,0,1
3350,553,1,1,2.378696946,3,0,1
3350,553,0,0,0,-1,0,1
3352,577,0,1,2.379181475,3,0,1
3352,577,1,0,0,-1,0,1
3352,180,0,1,2.378829399,1,1,1
3352,180,1,1,-0.2857204179,211,0,1
3352,520,1,1,2.37875553,1,0,1
3352,520,0,0,0,-1,0,1
3352,523,1,1,2.37882587,3,0,1
3352,523,0,0,0,-1,0,1
3354,577,0,1,2.379163965,2,0,1
3354,577,1,0,0,-1,0,1
3354,180,0,1,2.378848944,1,1,1
3354,180,1,1,-0.2856633375,211,0,1
3354,523,1,1,2.378787043,3,0,1
3354,523,0,0,0,-1,0,1
3354,520,1,1,2.378744272,1,0,1
3354,520,0,0,0,-1,0,1
3356,577,0,1,2.379138206,3,0,1
3356,577,1,0,0,-1,0,1
3356,180,0,1,2.378826257,1,1,1
3356,180,1,1,-0.2856366096,211,0,1
3356,520,1,1,2.378759399,2,0,1
3356,520,0,0,0,-1,0,1
3356,523,1,1,2.378776016,3,0,1
3356,523,0,0,0,-1,0,1
3358,577,0,1,2.378996537,3,0,1
3358,577,1,0,0,-1,0,1
3358,698,1,1,2.378854407,2,0,1
3358,698,0,0,0,-1,0,1
3358,520,1,1,2.378818811,1,1,1
3358,520,0,0,0,-1,0,1
3358,523,1,1,2.378753722,3,0,1
3358,523,0,0,0,-1,0,1
3360,577,0,1,2.3789959,3,0,1
3360,577,1,0,0,-1,0,1
3360,698,1,1,2.378857927,2,1,1
3360,698,0,0,0,-1,0,1
3360,520,1,1,2.378722604,2,0,1
3360,520,0,0,0,-1,0,1
3360,523,1,1,2.378737138,3,0,1
3360,523,0,0,0,-1,0,1
3361,577,0,1,2.375253669,3,0,1
3361,577,1,0,0,-1,0,1
3361,553,1,1,2.374808125,3,0,1
3361,553,0,0,0,-1,0,1
3361,520,1,1,2.374839028,2,0,1
3361,520,0,0,0,-1,0,1
3361,523,1,1,2.374844299,2,1,1
3361,523,0,0,0,-1,0,1
3363,577,0,1,2.375295408,3,0,1
3363,577,1,0,0,-1,0,1
3363,523,1,1,2.374811146,2,1,1
3363,523,0,0,0,-1,0,1
3363,553,1,1,2.374833082,3,0,1
3363,553,0,0,0,-1,0,1
3363,105,0,1,2.374786069,3,0,1
3363,105,1,0,0,-1,0,1
3365,577,0,1,2.375307951,2,1,1
3365,577,1,0,0,-1,0,1
3365,523,1,1,2.374827599,2,0,1
3365,523,0,0,0,-1,0,1
3365,105,0,1,2.374692599,3,0,1
3365,105,1,0,0,-1,0,1
3365,553,1,1,2.374817411,2,0,1
3365,553,0,0,0,-1,0,1
3367,860,0,1,2.375756481,1,1,1
3367,860,1,0,0,-1,0,1
3367,698,1,1,2.375290802,2,0,1
3367,698,0,0,0,-1,0,1
3367,523,1,1,2.375070842,3,0,1
3367,523,0,0,0,-1,0,1
3367,324,1,1,2.374927832,1,0,1
3367,324,0,0,0,-1,0,1
3369,698,1,1,2.376034428,2,0,1
3369,698,0,0,0,-1,0,1
3369,180,0,1,2.375766521,1,1,1
3369,180,1,0,0,-1,0,1
3369,523,1,1,2.375880518,3,0,1
3369,523,0,0,0,-1,0,1
3369,105,0,1,2.375792753,3,0,1
3369,105,1,0,0,-1,0,1
3371,698,1,1,2.375999717,2,0,1
3371,698,0,0,0,-1,0,1
3371,180,0,1,2.375801911,1,1,1
3371,180,1,0,0,-1,0,1
3371,523,1,1,2.375862093,3,0,1
3371,523,0,0,0,-1,0,1
3371,324,1,1,2.375693659,1,0,1
3371,324,0,0,0,-1,0,1
3373,698,1,1,2.37597798,2,0,1
3373,698,0,0,0,-1,0,1
3373,180,0,1,2.375786743,1,1,1
3373,180,1,0,0,-1,0,1
3373,523,1,1,2.375824251,2,0,1
3373,523,0,0,0,-1,0,1
3373,105,0,1,2.375764237,3,0,1
3373,105,1,0,0,-1,0,1
3375,698,1,1,2.375987258,2,0,1
3375,698,0,0,0,-1,0,1
3375,180,0,1,2.375772037,1,1,1
3375,180,1,0,0,-1,0,1
3375,523,1,1,2.37581268,3,0,1
3375,523,0,0,0,-1,0,1
3375,105,0,1,2.375743615,3,0,1
3375,105,1,0,0,-1,0,1
3377,698,1,1,2.376006883,2,0,1
3377,698,0,0,0,-1,0,1
3377,180,0,1,2.375787973,1,1,1
3377,180,1,0,0,-1,0,1
3377,523,1,1,2.375793436,2,0,1
3377,523,0,0,0,-1,0,1
3377,105,0,1,2.375730371,3,0,1
3377,105,1,0,0,-1,0,1
3379,698,1,1,2.376044477,2,0,1
3379,698,0,0,0,-1,0,1
3379,180,0,1,2.375739764,1,1,1
3379,180,1,0,0,-1,0,1
3379,523,1,1,2.375792274,3,0,1
3379,523,0,0,0,-1,0,1
3379,105,0,1,2.375717,3,0,1
3379,105,1,0,0,-1,0,1
3380,698,1,1,2.372170503,2,0,1
3380,698,0,0,0,-1,0,1
3380,523,1,1,2.371952629,2,0,1
3380,523,0,0,0,-1,0,1
3380,105,0,1,2.371813572,3,0,1
3380,105,1,0,0,-1,0,1
3380,324,1,1,2.371762464,1,1,1
3380,324,0,0,0,-1,0,1
3382,698,1,1,2.372164537,2,0,1
3382,698,0,0,0,-1,0,1
3382,523,1,1,2.371955012,2,0,1
3382,523,0,0,0,-1,0,1
3382,105,0,1,2.371776328,3,0,1
3382,105,1,0,0,-1,0,1
3382,324,1,1,2.371787515,1,1,1
3382,324,0,0,0,-1,0,1
3384,698,1,1,2.372208804,2,0,1
3384,698,0,0,0,-1,0,1
3384,523,1,1,2.371973719,2,0,1
3384,523,0,0,0,-1,0,1
3384,105,0,1,2.371793601,3,0,1
3384,105,1,0,0,-1,0,1
3384,324,1,1,2.371754951,1,1,1
3384,324,0,0,0,-1,0,1
3386,698,1,1,2.372147241,2,0,1
3386,698,0,0,0,-1,0,1
3386,523,1,1,2.371953569,2,0,1
3386,523,0,0,0,-1,0,1
3386,324,1,1,2.37175794,1,1,1
3386,324,0,0,0,-1,0,1
3386,105,0,1,2.371807188,3,0,1
3386,105,1,0,0,-1,0,1
3388,698,1,1,2.372152576,2,0,1
3388,698,0,0,0,-1,0,1
3388,523,1,1,2.371954819,2,0,1
3388,523,0,0,0,-1,0,1
3388,105,0,1,2.371817232,3,0,1
3388,105,1,0,0,-1,0,1
3388,324,1,1,2.371760019,1,1,1
3388,324,0,0,0,-1,0,1
3390,698,1,1,2.372131093,2,0,1
3390,698,0,0,0,-1,0,1
3390,523,1,1,2.371915332,2,0,1
3390,523,0,0,0,-1,0,1
3390,105,0,1,2.371841376,3,0,1
3390,105,1,0,0,-1,0,1
3390,324,1,1,2.371788816,1,1,1
3390,324,0,0,0,-1,0,1
3392,698,1,1,2.372153024,2,0,1
3392,698,0,0,0,-1,0,1
3392,523,1,1,2.371924023,2,0,1
3392,523,0,0,0,-1,0,1
3392,324,1,1,2.371794887,1,1,1
3392,324,0,0,0,-1,0,1
3392,105,0,1,2.371824515,3,0,1
3392,105,1,0,0,-1,0,1
3394,698,1,1,2.372142514,2,0,1
3394,698,0,0,0,-1,0,1
3394,523,1,1,2.371928584,2,0,1
3394,523,0,0,0,-1,0,1
3394,105,0,1,2.371836089,3,0,1
3394,105,1,0,0,-1,0,1
3394,324,1,1,2.371781546,1,1,1
3394,324,0,0,0,-1,0,1
3396,698,1,1,2.372126334,2,0,1
3396,698,0,0,0,-1,0,1
3396,523,1,1,2.37191935,2,0,1
3396,523,0,0,0,-1,0,1
3396,105,0,1,2.371837876,3,0,1
3396,105,1,0,0,-1,0,1
3396,324,1,1,2.371800642,1,1,1
3396,324,0,0,0,-1,0,1
3398,698,1,1,2.37213042,2,0,1
3398,698,0,0,0,-1,0,1
3398,523,1,1,2.371915915,2,0,1
3398,523,0,0,0,-1,0,1
3398,105,0,1,2.371841899,3,0,1
3398,105,1,0,0,-1,0,1
3398,324,1,1,2.371786537,1,1,1
3398,324,0,0,0,-1,0,1
3399,79,1,1,2.36820552,3,0,1
3399,79,0,0,0,-1,0,1
3399,698,1,1,2.368181616,2,1,1
3399,698,0,0,0,-1,0,1
3399,523,1,1,2.367991056,3,0,1
3399,523,0,0,0,-1,0,1
3399,105,0,1,2.367906277,3,0,1
3399,105,1,0,0,-1,0,1
3401,523,1,1,2.368242573,2,0,1
3401,523,0,0,0,-1,0,1
3401,105,0,1,2.368214753,3,0,1
3401,105,1,0,0,-1,0,1
3401,324,1,1,2.368187597,1,1,1
3401,324,0,0,0,-1,0,1
3401,553,1,1,2.368095953,3,0,1
3401,553,0,0,0,-1,0,1
3403,523,1,1,2.368254759,2,0,1
3403,523,0,0,0,-1,0,1
3403,105,0,1,2.368165793,3,0,1
3403,105,1,0,0,-1,0,1
3403,324,1,1,2.368191104,1,1,1
3403,324,0,0,0,-1,0,1
3403,553,1,1,2.368052262,2,0,1
3403,553,0,0,0,-1,0,1
3405,523,1,1,2.368266869,2,0,1
3405,523,0,0,0,-1,0,1
3405,105,0,1,2.368184085,3,0,1
3405,105,1,0,0,-1,0,1
3405,324,1,1,2.368153089,1,1,1
3405,324,0,0,0,-1,0,1
3405,520,1,1,2.368061079,2,0,1
3405,520,0,0,0,-1,0,1
3407,523,1,1,2.368234414,2,0,1
3407,523,0,0,0,-1,0,1
3407,105,0,1,2.368215982,3,0,1
3407,105,1,0,0,-1,0,1
3407,324,1,1,2.368195977,1,1,1
3407,324,0,0,0,-1,0,1
3407,520,1,1,2.368082069,1,0,1
3407,520,0,0,0,-1,0,1
3409,523,1,1,2.368257101,2,0,1
3409,523,0,0,0,-1,0,1
3409,105,0,1,2.368204294,3,0,1
3409,105,1,0,0,-1,0,1
3409,324,1,1,2.368172327,1,1,1
3409,324,0,0,0,-1,0,1
3409,553,1,1,2.368046771,2,0,1
3409,553,0,0,0,-1,0,1
3411,523,1,1,2.368227197,2,0,1
3411,523,0,0,0,-1,0,1
3411,105,0,1,2.368216348,3,0,1
3411,105,1,0,0,-1,0,1
3411,324,1,1,2.368197774,1,1,1
3411,324,0,0,0,-1,0,1
3411,553,1,1,2.368025479,2,0,1
3411,553,0,0,0,-1,0,1
3413,523,1,1,2.368261393,2,0,1
3413,523,0,0,0,-1,0,1
3413,105,0,1,2.368184115,3,0,1
3413,105,1,0,0,-1,0,1
3413,324,1,1,2.368189767,1,1,1
3413,324,0,0,0,-1,0,1
3413,520,1,1,2.368057957,2,0,1
3413,520,0,0,0,-1,0,1
3415,523,1,1,2.368257819,2,0,1
3415,523,0,0,0,-1,0,1
3415,105,0,1,2.368208199,3,0,1
3415,105,1,0,0,-1,0,1
3415,324,1,1,2.368177701,1,1,1
3415,324,0,0,0,-1,0,1
3415,520,1,1,2.368065726,1,0,1
3415,520,0,0,0,-1,0,1
3417,523,1,1,2.368256168,2,0,1
3417,523,0,0,0,-1,0,1
3417,105,0,1,2.36820209,3,0,1
3417,105,1,0,0,-1,0,1
3417,324,1,1,2.368179672,1,1,1
3417,324,0,0,0,-1,0,1
3417,553,1,1,2.368046019,2,0,1
3417,553,0,0,0,-1,0,1
3418,79,1,1,2.364560293,3,0,1
3418,79,0,0,0,-1,0,1
3418,523,1,1,2.364399529,3,0,1
3418,523,0,0,0,-1,0,1
3418,105,0,1,2.364312258,3,0,1
3418,105,1,0,0,-1,0,1
3418,874,1,1,2.364143451,1,1,1
3418,874,0,0,0,-1,0,1
3420,79,1,1,2.364567774,3,0,1
3420,79,0,0,0,-1,0,1
3420,523,1,1,2.364396424,3,0,1
3420,523,0,0,0,-1,0,1
3420,105,0,1,2.364298428,3,0,1
3420,105,1,0,0,-1,0,1
3420,874,1,1,2.3641771,1,1,1
3420,874,0,0,0,-1,0,1
3422,79,1,1,2.364566738,3,0,1
3422,79,0,0,0,-1,0,1
3422,523,1,1,2.364337919,2,0,1
3422,523,0,0,0,-1,0,1
3422,105,0,1,2.364277888,3,0,1
3422,105,1,0,0,-1,0,1
3422,874,1,1,2.364164622,1,1,1
3422,874,0,0,0,-1,0,1
3424,79,1,1,2.36459835,3,0,1
3424,79,0,0,0,-1,0,1
3424,523,1,1,2.36432529,2,1,1
3424,523,0,0,0,-1,0,1
3424,105,0,1,2.364309523,3,0,1
3424,105,1,0,0,-1,0,1
3424,520,1,1,2.364087205,2,0,1
3424,520,0,0,0,-1,0,1
3426,105,0,1,2.364640372,3,0,1
3426,105,1,0,0,-1,0,1
3426,553,1,1,2.364536675,2,0,1
3426,553,0,0,0,-1,0,1
3426,324,1,1,2.364409715,1,1,1
3426,324,0,0,0,-1,0,1
3426,520,1,1,2.364232333,1,0,1
3426,520,0,0,0,-1,0,1
3428,553,1,1,2.364530678,2,0,1
3428,553,0,0,0,-1,0,1
3428,105,0,1,2.364585389,3,0,1
3428,105,1,0,0,-1,0,1
3428,324,1,1,2.364385323,1,1,1
3428,324,0,0,0,-1,0,1
3428,202,1,1,2.364094764,2,0,1
3428,202,0,0,0,-1,0,1
3430,105,0,1,2.364566054,3,0,1
3430,105,1,0,0,-1,0,1
3430,553,1,1,2.364562817,2,0,1
3430,553,0,0,0,-1,0,1
3430,324,1,1,2.364345561,1,1,1
3430,324,0,0,0,-1,0,1
3430,79,1,1,2.364172823,3,0,1
3430,79,0,0,0,-1,0,1
3432,105,0,1,2.364557229,3,0,1
3432,105,1,0,0,-1,0,1
3432,553,1,1,2.364568772,2,0,1
3432,553,0,0,0,-1,0,1
3432,324,1,1,2.364344696,1,1,1
3432,324,0,0,0,-1,0,1
3432,520,1,1,2.364206749,2,0,1
3432,520,0,0,0,-1,0,1
3434,105,0,1,2.364573697,3,0,1
3434,105,1,0,0,-1,0,1
3434,553,1,1,2.36456842,2,0,1
3434,553,0,0,0,-1,0,1
3434,324,1,1,2.3643398,1,1,1
3434,324,0,0,0,-1,0,1
3434,520,1,1,2.364196377,2,0,1
3434,520,0,0,0,-1,0,1
3436,105,0,1,2.36457387,3,0,1
3436,105,1,0,0,-1,0,1
3436,553,1,1,2.364561847,2,0,1
3436,553,0,0,0,-1,0,1
3436,324,1,1,2.364342067,1,1,1
3436,324,0,0,0,-1,0,1
3436,520,1,1,2.364160277,1,0,1
3436,520,0,0,0,-1,0,1
3437,79,1,1,2.360718593,3,0,1
3437,79,0,0,0,-1,0,1
3437,105,0,1,2.360723156,3,0,1
3437,105,1,0,0,-1,0,1
3437,553,1,1,2.360674808,2,0,1
3437,553,0,0,0,-1,0,1
3437,874,1,1,2.360323741,1,1,1
3437,874,0,0,0,-1,0,1
3439,79,1,1,2.360720972,3,0,1
3439,79,0,0,0,-1,0,1
3439,105,0,1,2.360712194,3,0,1
3439,105,1,0,0,-1,0,1
3439,553,1,1,2.360649212,2,0,1
3439,553,0,0,0,-1,0,1
3439,874,1,1,2.360366636,1,1,1
3439,874,0,0,0,-1,0,1
3441,105,0,1,2.360703714,3,0,1
3441,105,1,0,0,-1,0,1
3441,79,1,1,2.360724409,3,0,1
3441,79,0,0,0,-1,0,1
3441,553,1,1,2.360634195,2,0,1
3441,553,0,0,0,-1,0,1
3441,874,1,1,2.36035548,1,1,1
3441,874,0,0,0,-1,0,1
3443,105,0,1,2.36072189,3,0,1
3443,105,1,0,0,-1,0,1
3443,79,1,1,2.36074064,3,0,1
3443,79,0,0,0,-1,0,1
3443,553,1,1,2.360612517,2,0,1
3443,553,0,0,0,-1,0,1
3443,874,1,1,2.360378099,1,1,1
3443,874,0,0,0,-1,0,1
3445,105,0,1,2.360696608,3,0,1
3445,105,1,0,0,-1,0,1
3445,79,1,1,2.360734695,3,0,1
3445,79,0,0,0,-1,0,1
3445,553,1,1,2.360624083,2,0,1
3445,553,0,0,0,-1,0,1
3445,874,1,1,2.360386909,1,1,1
3445,874,0,0,0,-1,0,1
3447,105,0,1,2.360672026,3,0,1
3447,105,1,0,0,-1,0,1
3447,79,1,1,2.36071126,3,0,1
3447,79,0,0,0,-1,0,1
3447,553,1,1,2.360642438,2,0,1
3447,553,0,0,0,-1,0,1
3447,874,1,1,2.360379091,1,1,1
3447,874,0,0,0,-1,0,1
3449,105,0,1,2.360682706,3,0,1
3449,105,1,0,0,-1,0,1
3449,79,1,1,2.360704188,3,0,1
3449,79,0,0,0,-1,0,1
3449,553,1,1,2.36065153,2,0,1
3449,553,0,0,0,-1,0,1
3449,874,1,1,2.360359789,1,1,1
3449,874,0,0,0,-1,0,1
3451,105,0,1,2.360688884,3,0,1
3451,105,1,0,0,-1,0,1
3451,79,1,1,2.360710246,3,0,1
3451,79,0,0,0,-1,0,1
3451,553,1,1,2.360653815,2,0,1
3451,553,0,0,0,-1,0,1
3451,874,1,1,2.36035829,1,1,1
3451,874,0,0,0,-1,0,1
3453,105,0,1,2.360691189,3,0,1
3453,105,1,0,0,-1,0,1
3453,79,1,1,2.360716968,3,0,1
3453,79,0,0,0,-1,0,1
3453,553,1,1,2.360644423,2,0,1
3453,553,0,0,0,-1,0,1
3453,874,1,1,2.360357835,1,1,1
3453,874,0,0,0,-1,0,1
3455,105,0,1,2.360692842,3,0,1
3455,105,1,0,0,-1,0,1
3455,79,1,1,2.360715333,3,0,1
3455,79,0,0,0,-1,0,1
3455,553,1,1,2.360636857,2,0,1
3455,553,0,0,0,-1,0,1
3455,874,1,1,2.360367878,1,1,1
3455,874,0,0,0,-1,0,1
3456,79,1,1,2.356652897,3,0,1
3456,79,0,0,0,-1,0,1
3456,105,0,1,2.356674186,3,0,1
3456,105,1,0,0,-1,0,1
3456,553,1,1,2.356591921,2,0,1
3456,553,0,0,0,-1,0,1
3456,520,1,1,2.356283464,1,1,1
3456,520,0,0,0,-1,0,1
3458,553,1,1,2.356607141,2,1,1
3458,553,0,0,0,-1,0,1
3458,79,1,1,2.356610572,3,0,1
3458,79,0,0,0,-1,0,1
3458,105,0,1,2.35661374,3,0,1
3458,105,1,0,0,-1,0,1
3458,520,1,1,2.356222355,2,0,1
3458,520,0,0,0,-1,0,1
3460,105,0,1,2.356972867,3,0,1
3460,105,1,0,0,-1,0,1
3460,79,1,1,2.356995902,3,0,1
3460,79,0,0,0,-1,0,1
3460,202,1,1,2.356823656,2,0,1
3460,202,0,0,0,-1,0,1
3460,874,1,1,2.356615569,1,1,1
3460,874,0,0,0,-1,0,1
3462,105,0,1,2.356960249,3,0,1
3462,105,1,0,0,-1,0,1
3462,79,1,1,2.356981114,3,0,1
3462,79,0,0,0,-1,0,1
3462,202,1,1,2.356839483,2,0,1
3462,202,0,0,0,-1,0,1
3462,520,1,1,2.356650382,1,1,1
3462,520,0,0,0,-1,0,1
3464,105,0,1,2.356965459,3,0,1
3464,105,1,0,0,-1,0,1
3464,79,1,1,2.356984187,3,0,1
3464,79,0,0,0,-1,0,1
3464,202,1,1,2.356824176,2,1,1
3464,202,0,0,0,-1,0,1
3464,520,1,1,2.356596024,2,0,1
3464,520,0,0,0,-1,0,1
3466,105,0,1,2.357043424,3,0,1
3466,105,1,0,0,-1,0,1
3466,324,1,1,2.356850431,1,1,1
3466,324,0,0,0,-1,0,1
3466,520,1,1,2.356705532,2,0,1
3466,520,0,0,0,-1,0,1
3466,410,0,1,2.356624843,2,0,1
3466,410,1,0,0,-1,0,1
3468,105,0,1,2.357045825,3,0,1
3468,105,1,0,0,-1,0,1
3468,324,1,1,2.356791529,1,1,1
3468,324,0,0,0,-1,0,1
3468,520,1,1,2.35665116,2,0,1
3468,520,0,0,0,-1,0,1
3468,79,1,1,2.356664055,3,0,1
3468,79,0,0,0,-1,0,1
3470,105,0,1,2.35701396,3,0,1
3470,105,1,0,0,-1,0,1
3470,324,1,1,2.356796616,1,1,1
3470,324,0,0,0,-1,0,1
3470,520,1,1,2.35668989,2,0,1
3470,520,0,0,0,-1,0,1
3470,79,1,1,2.356651331,3,0,1
3470,79,0,0,0,-1,0,1
3472,105,0,1,2.357049867,3,0,1
3472,105,1,0,0,-1,0,1
3472,324,1,1,2.356805314,1,1,1
3472,324,0,0,0,-1,0,1
3472,520,1,1,2.356682831,2,0,1
3472,520,0,0,0,-1,0,1
3472,79,1,1,2.356679303,3,0,1
3472,79,0,0,0,-1,0,1
3474,105,0,1,2.357026106,3,0,1
3474,105,1,0,0,-1,0,1
3474,324,1,1,2.356812347,1,1,1
3474,324,0,0,0,-1,0,1
3474,520,1,1,2.356668926,2,0,1
3474,520,0,0,0,-1,0,1
3474,410,0,1,2.356582883,2,0,1
3474,410,1,0,0,-1,0,1
3475,79,1,1,2.353185551,3,0,1
3475,79,0,0,0,-1,0,1
3475,105,0,1,2.353163671,3,0,1
3475,105,1,0,0,-1,0,1
3475,874,1,1,2.352787942,1,0,1
3475,874,0,0,0,-1,0,1
3475,520,1,1,2.352817703,1,1,1
3475,520,0,0,0,-1,0,1
3477,79,1,1,2.353168391,3,0,1
3477,79,0,0,0,-1,0,1
3477,105,0,1,2.353123787,3,0,1
3477,105,1,0,0,-1,0,1
3477,520,1,1,2.352773065,2,0,1
3477,520,0,0,0,-1,0,1
3477,874,1,1,2.352722857,1,1,1
3477,874,0,0,0,-1,0,1
3479,105,0,1,2.353159171,3,0,1
3479,105,1,0,0,-1,0,1
3479,79,1,1,2.353197525,3,0,1
3479,79,0,0,0,-1,0,1
3479,874,1,1,2.352796935,1,0,1
3479,874,0,0,0,-1,0,1
3479,520,1,1,2.352840688,1,1,1
3479,520,0,0,0,-1,0,1
3481,79,1,1,2.353227876,3,0,1
3481,79,0,0,0,-1,0,1
3481,105,0,1,2.353193495,3,0,1
3481,105,1,0,0,-1,0,1
3481,520,1,1,2.352791605,1,0,1
3481,520,0,0,0,-1,0,1
3481,874,1,1,2.352802838,1,1,1
3481,874,0,0,0,-1,0,1
3483,105,0,1,2.353096721,3,0,1
3483,105,1,0,0,-1,0,1
3483,79,1,1,2.353132982,3,0,1
3483,79,0,0,0,-1,0,1
3483,874,1,1,2.35284923,1,1,1
3483,874,0,0,0,-1,0,1
3483,520,1,1,2.35278973,2,0,1
3483,520,0,0,0,-1,0,1
3485,105,0,1,2.353223929,3,0,1
3485,105,1,0,0,-1,0,1
3485,79,1,1,2.353265391,3,0,1
3485,79,0,0,0,-1,0,1
3485,874,1,1,2.352778095,1,1,1
3485,874,0,0,0,-1,0,1
3485,520,1,1,2.35272953,2,0,1
3485,520,0,0,0,-1,0,1
3487,105,0,1,2.353187604,3,0,1
3487,105,1,0,0,-1,0,1
3487,79,1,1,2.353256041,3,0,1
3487,79,0,0,0,-1,0,1
3487,520,1,1,2.352957248,1,1,1
3487,520,0,0,0,-1,0,1
3487,874,1,1,2.352927085,1,0,1
3487,874,0,0,0,-1,0,1
3489,79,1,1,2.353228959,3,0,1
3489,79,0,0,0,-1,0,1
3489,105,0,1,2.353193588,3,0,1
3489,105,1,0,0,-1,0,1
3489,520,1,1,2.352915021,1,0,1
3489,520,0,0,0,-1,0,1
3489,874,1,1,2.352917916,1,1,1
3489,874,0,0,0,-1,0,1
3491,79,1,1,2.353115443,3,0,1
3491,79,0,0,0,-1,0,1
3491,105,0,1,2.353100751,3,0,1
3491,105,1,0,0,-1,0,1
3491,874,1,1,2.352731734,1,0,1
3491,874,0,0,0,-1,0,1
3491,520,1,1,2.352788223,1,1,1
3491,520,0,0,0,-1,0,1
3493,79,1,1,2.353233437,3,0,1
3493,79,0,0,0,-1,0,1
3493,105,0,1,2.353196876,3,0,1
3493,105,1,0,0,-1,0,1
3493,520,1,1,2.352789728,2,0,1
3493,520,0,0,0,-1,0,1
3493,874,1,1,2.35270958,1,1,1
3493,874,0,0,0,-1,0,1
3494,79,1,1,2.349277606,3,0,1
3494,79,0,0,0,-1,0,1
3494,105,0,1,2.34929187,3,0,1
3494,105,1,0,0,-1,0,1
3494,520,1,1,2.348840704,1,1,1
3494,520,0,0,0,-1,0,1
3494,410,0,1,2.348477942,2,0,1
3494,410,1,0,0,-1,0,1
3496,79,1,1,2.348989093,3,0,1
3496,79,0,0,0,-1,0,1
3496,105,0,1,2.348985331,3,0,1
3496,105,1,0,0,-1,0,1
3496,520,1,1,2.348796213,1,1,1
3496,520,0,0,0,-1,0,1
3496,699,1,1,2.348696584,2,0,1
3496,699,0,0,0,-1,0,1
3498,105,0,1,2.348945781,3,0,1
3498,105,1,0,0,-1,0,1
3498,79,1,1,2.348961371,3,0,1
3498,79,0,0,0,-1,0,1
3498,520,1,1,2.348734751,1,1,1
3498,520,0,0,0,-1,0,1
3498,699,1,1,2.34868943,2,0,1
3498,699,0,0,0,-1,0,1
3500,79,1,1,2.349238062,3,0,1
3500,79,0,0,0,-1,0,1
3500,105,0,1,2.349107555,3,0,1
3500,105,1,0,0,-1,0,1
3500,874,1,1,2.34862377,1,1,1
3500,874,0,0,0,-1,0,1
3500,699,1,1,2.348609752,2,0,1
3500,699,0,0,0,-1,0,1
3502,79,1,1,2.349169583,3,0,1
3502,79,0,0,0,-1,0,1
3502,105,0,1,2.349037559,3,0,1
3502,105,1,0,0,-1,0,1
3502,874,1,1,2.348863633,1,1,1
3502,874,0,0,0,-1,0,1
3502,699,1,1,2.348532275,2,0,1
3502,699,0,0,0,-1,0,1
3504,79,1,1,2.349185227,3,0,1
3504,79,0,0,0,-1,0,1
3504,105,0,1,2.349081596,3,0,1
3504,105,1,0,0,-1,0,1
3504,874,1,1,2.348653846,1,1,1
3504,874,0,0,0,-1,0,1
3504,699,1,1,2.348665877,2,0,1
3504,699,0,0,0,-1,0,1
3506,79,1,1,2.349237956,3,0,1
3506,79,0,0,0,-1,0,1
3506,105,0,1,2.349161846,3,0,1
3506,105,1,0,0,-1,0,1
3506,874,1,1,2.348933858,1,1,1
3506,874,0,0,0,-1,0,1
3506,699,1,1,2.348426122,2,0,1
3506,699,0,0,0,-1,0,1
3508,79,1,1,2.349052043,3,0,1
3508,79,0,0,0,-1,0,1
3508,105,0,1,2.348961328,3,0,1
3508,105,1,0,0,-1,0,1
3508,874,1,1,2.348703005,1,1,1
3508,874,0,0,0,-1,0,1
3508,699,1,1,2.348694517,2,0,1
3508,699,0,0,0,-1,0,1
3510,105,0,1,2.349201186,3,0,1
3510,105,1,0,0,-1,0,1
3510,79,1,1,2.349316856,3,0,1
3510,79,0,0,0,-1,0,1
3510,874,1,1,2.348813279,1,1,1
3510,874,0,0,0,-1,0,1
3510,410,0,1,2.348713845,1,0,1
3510,410,1,0,0,-1,0,1
3512,79,1,1,2.349076603,3,0,1
3512,79,0,0,0,-1,0,1
3512,105,0,1,2.348968604,3,0,1
3512,105,1,0,0,-1,0,1
3512,874,1,1,2.348802512,1,1,1
3512,874,0,0,0,-1,0,1
3512,699,1,1,2.348654924,2,0,1
3512,699,0,0,0,-1,0,1
3513,79,1,1,2.345016849,3,0,1
3513,79,0,0,0,-1,0,1
3513,105,0,1,2.344972529,3,0,1
3513,105,1,0,0,-1,0,1
3513,699,1,1,2.344690216,2,1,1
3513,699,0,0,0,-1,0,1
3513,410,0,1,2.344680728,2,0,1
3513,410,1,0,0,-1,0,1
3515,79,1,1,2.34504658,3,0,1
3515,79,0,0,0,-1,0,1
3515,105,0,1,2.344997683,3,0,1
3515,105,1,0,0,-1,0,1
3515,889,1,1,2.344653852,1,1,1
3515,889,0,0,0,-1,0,1
3515,410,0,1,2.344549747,2,0,1
3515,410,1,0,0,-1,0,1
3517,79,1,1,2.345075132,3,0,1
3517,79,0,0,0,-1,0,1
3517,105,0,1,2.345025362,3,0,1
3517,105,1,0,0,-1,0,1
3517,699,1,1,2.344650304,2,1,1
3517,699,0,0,0,-1,0,1
3517,410,0,1,2.344635667,2,0,1
3517,410,1,0,0,-1,0,1
3519,79,1,1,2.345031685,3,0,1
3519,79,0,0,0,-1,0,1
3519,105,0,1,2.344960871,3,0,1
3519,105,1,0,0,-1,0,1
3519,410,0,1,2.344581994,2,0,1
3519,410,1,0,0,-1,0,1
3519,699,1,1,2.344592126,2,1,1
3519,699,0,0,0,-1,0,1
3521,79,1,1,2.34516044,3,0,1
3521,79,0,0,0,-1,0,1
3521,105,0,1,2.345094833,3,0,1
3521,105,1,0,0,-1,0,1
3521,889,1,1,2.344593175,1,1,1
3521,889,0,0,0,-1,0,1
3521,410,0,1,2.344516602,2,0,1
3521,410,1,0,0,-1,0,1
3523,79,1,1,2.345043531,3,0,1
3523,79,0,0,0,-1,0,1
3523,105,0,1,2.344998767,3,0,1
3523,105,1,0,0,-1,0,1
3523,699,1,1,2.344616404,2,1,1
3523,699,0,0,0,-1,0,1
3523,410,0,1,2.344591168,2,0,1
3523,410,1,0,0,-1,0,1
3525,79,1,1,2.345114009,3,0,1
3525,79,0,0,0,-1,0,1
3525,105,0,1,2.345045621,3,0,1
3525,105,1,0,0,-1,0,1
3525,699,1,1,2.344541728,2,1,1
3525,699,0,0,0,-1,0,1
3525,410,0,1,2.344530389,2,0,1
3525,410,1,0,0,-1,0,1
3527,79,1,1,2.345118327,3,0,1
3527,79,0,0,0,-1,0,1
3527,105,0,1,2.345046547,3,0,1
3527,105,1,0,0,-1,0,1
3527,410,0,1,2.344593523,2,0,1
3527,410,1,0,0,-1,0,1
3527,889,1,1,2.344523573,1,1,1
3527,889,0,0,0,-1,0,1
3529,79,1,1,2.345097163,3,0,1
3529,79,0,0,0,-1,0,1
3529,105,0,1,2.345056365,3,0,1
3529,105,1,0,0,-1,0,1
3529,699,1,1,2.344558503,2,1,1
3529,699,0,0,0,-1,0,1
3529,410,0,1,2.344526017,2,0,1
3529,410,1,0,0,-1,0,1
3531,79,1,1,2.345111623,3,0,1
3531,79,0,0,0,-1,0,1
3531,105,0,1,2.345035283,3,0,1
3531,105,1,0,0,-1,0,1
3531,699,1,1,2.344580758,2,1,1
3531,699,0,0,0,-1,0,1
3531,410,0,1,2.344564669,2,0,1
3531,410,1,0,0,-1,0,1
3532,940,0,1,2.342353868,1,1,1
3532,940,1,0,0,-1,0,1
3532,79,1,1,2.340965126,3,0,1
3532,79,0,0,0,-1,0,1
3532,105,0,1,2.340955495,3,0,1
3532,105,1,0,0,-1,0,1
3532,410,0,1,2.34049458,2,0,1
3532,410,1,0,0,-1,0,1
3534,699,1,1,2.342431926,1,1,1
3534,699,0,0,0,-1,0,1
3534,635,1,1,2.34023549,1,0,1
3534,635,0,0,0,-1,0,1
3534,79,1,1,2.339410324,3,0,1
3534,79,0,0,0,-1,0,1
3534,105,0,1,2.33938736,3,0,1
3534,105,1,0,0,-1,0,1
3536,635,1,1,2.343606228,1,1,1
3536,635,0,0,0,-1,0,1
3536,79,1,1,2.3427953,3,0,1
3536,79,0,0,0,-1,0,1
3536,105,0,1,2.34274409,3,0,1
3536,105,1,0,0,-1,0,1
3536,874,1,1,2.342347479,1,0,1
3536,874,0,0,0,-1,0,1
3538,79,1,1,2.344023171,3,0,1
3538,79,0,0,0,-1,0,1
3538,105,0,1,2.344028773,3,0,1
3538,105,1,0,0,-1,0,1
3538,520,1,1,2.34364185,1,0,1
3538,520,0,0,0,-1,0,1
3538,874,1,1,2.343655204,1,1,1
3538,874,0,0,0,-1,0,1
3540,105,0,1,2.344015334,3,0,1
3540,105,1,0,0,-1,0,1
3540,79,1,1,2.344005755,3,0,1
3540,79,0,0,0,-1,0,1
3540,874,1,1,2.343675997,1,1,1
3540,874,0,0,0,-1,0,1
3540,520,1,1,2.343594361,2,0,1
3540,520,0,0,0,-1,0,1
3542,105,0,1,2.34403238,3,0,1
3542,105,1,0,0,-1,0,1
3542,79,1,1,2.344067149,3,0,1
3542,79,0,0,0,-1,0,1
3542,874,1,1,2.343696908,1,1,1
3542,874,0,0,0,-1,0,1
3542,520,1,1,2.343595042,2,0,1
3542,520,0,0,0,-1,0,1
3544,105,0,1,2.344016986,3,0,1
3544,105,1,0,0,-1,0,1
3544,79,1,1,2.344072294,3,0,1
3544,79,0,0,0,-1,0,1
3544,874,1,1,2.343733846,1,1,1
3544,874,0,0,0,-1,0,1
3544,520,1,1,2.343569021,2,0,1
3544,520,0,0,0,-1,0,1
3546,105,0,1,2.343994793,3,0,1
3546,105,1,0,0,-1,0,1
3546,79,1,1,2.344036165,3,0,1
3546,79,0,0,0,-1,0,1
3546,520,1,1,2.343697359,1,1,1
3546,520,0,0,0,-1,0,1
3546,874,1,1,2.343696834,1,0,1
3546,874,0,0,0,-1,0,1
3548,79,1,1,2.344004392,3,0,1
3548,79,0,0,0,-1,0,1
3548,105,0,1,2.343970311,3,0,1
3548,105,1,0,0,-1,0,1
3548,520,1,1,2.343673551,1,0,1
3548,520,0,0,0,-1,0,1
3548,874,1,1,2.343684481,1,1,1
3548,874,0,0,0,-1,0,1
3550,105,0,1,2.34402107,3,0,1
3550,105,1,0,0,-1,0,1
3550,79,1,1,2.344010336,3,0,1
3550,79,0,0,0,-1,0,1
3550,874,1,1,2.343646898,1,0,1
3550,874,0,0,0,-1,0,1
3550,520,1,1,2.343661757,1,1,1
3550,520,0,0,0,-1,0,1
3551,79,1,1,2.340032807,3,0,1
3551,79,0,0,0,-1,0,1
3551,105,0,1,2.339970755,3,0,1
3551,105,1,0,0,-1,0,1
3551,874,1,1,2.339584756,1,1,1
3551,874,0,0,0,-1,0,1
3551,410,0,1,2.339537471,1,0,1
3551,410,1,0,0,-1,0,1
3553,79,1,1,2.339984587,3,0,1
3553,79,0,0,0,-1,0,1
3553,105,0,1,2.340002466,3,0,1
3553,105,1,0,0,-1,0,1
3553,520,1,1,2.339653959,1,1,1
3553,520,0,0,0,-1,0,1
3553,889,1,1,2.339602136,1,0,1
3553,889,0,0,0,-1,0,1
3555,105,0,1,2.339910927,3,0,1
3555,105,1,0,0,-1,0,1
3555,79,1,1,2.340007468,3,0,1
3555,79,0,0,0,-1,0,1
3555,874,1,1,2.339570768,1,1,1
3555,874,0,0,0,-1,0,1
3555,889,1,1,2.339482634,1,0,1
3555,889,0,0,0,-1,0,1
3557,105,0,1,2.339993152,3,0,1
3557,105,1,0,0,-1,0,1
3557,79,1,1,2.339974049,3,0,1
3557,79,0,0,0,-1,0,1
3557,520,1,1,2.339578833,1,1,1
3557,520,0,0,0,-1,0,1
3557,889,1,1,2.339482961,1,0,1
3557,889,0,0,0,-1,0,1
3559,79,1,1,2.340012639,3,0,1
3559,79,0,0,0,-1,0,1
3559,105,0,1,2.340016028,3,0,1
3559,105,1,0,0,-1,0,1
3559,520,1,1,2.339544968,2,0,1
3559,520,0,0,0,-1,0,1
3559,889,1,1,2.339570962,1,1,1
3559,889,0,0,0,-1,0,1
3561,105,0,1,2.339975236,3,0,1
3561,105,1,0,0,-1,0,1
3561,79,1,1,2.33996119,3,0,1
3561,79,0,0,0,-1,0,1
3561,520,1,1,2.339585987,1,1,1
3561,520,0,0,0,-1,0,1
3561,410,0,1,2.339557828,2,0,1
3561,410,1,0,0,-1,0,1
3563,105,0,1,2.339943333,3,0,1
3563,105,1,0,0,-1,0,1
3563,79,1,1,2.339937013,3,0,1
3563,79,0,0,0,-1,0,1
3563,520,1,1,2.339586348,1,1,1
3563,520,0,0,0,-1,0,1
3563,889,1,1,2.33950339,1,0,1
3563,889,0,0,0,-1,0,1
3565,105,0,1,2.33999595,3,0,1
3565,105,1,0,0,-1,0,1
3565,79,1,1,2.340007282,3,0,1
3565,79,0,0,0,-1,0,1
3565,520,1,1,2.339693766,1,1,1
3565,520,0,0,0,-1,0,1
3565,889,1,1,2.339581679,1,0,1
3565,889,0,0,0,-1,0,1
3567,79,1,1,2.339885333,3,0,1
3567,79,0,0,0,-1,0,1
3567,105,0,1,2.339908666,3,0,1
3567,105,1,0,0,-1,0,1
3567,520,1,1,2.339672478,2,0,1
3567,520,0,0,0,-1,0,1
3567,889,1,1,2.339479858,1,1,1
3567,889,0,0,0,-1,0,1
3569,105,0,1,2.34007453,3,0,1
3569,105,1,0,0,-1,0,1
3569,79,1,1,2.340063608,3,0,1
3569,79,0,0,0,-1,0,1
3569,520,1,1,2.339615441,2,1,1
3569,520,0,0,0,-1,0,1
3569,410,0,1,2.33946127,2,0,1
3569,410,1,0,0,-1,0,1
3570,79,1,1,2.335946931,3,0,1
3570,79,0,0,0,-1,0,1
3570,105,0,1,2.335908266,3,0,1
3570,105,1,0,0,-1,0,1
3570,271,0,1,2.335532276,2,0,1
3570,271,1,0,0,-1,0,1
3570,889,1,1,2.335435936,1,1,1
3570,889,0,0,0,-1,0,1
3572,79,1,1,2.335997924,3,0,1
3572,79,0,0,0,-1,0,1
3572,105,0,1,2.335956993,3,0,1
3572,105,1,0,0,-1,0,1
3572,889,1,1,2.335533555,1,1,1
3572,889,0,0,0,-1,0,1
3572,410,0,1,2.335485551,2,0,1
3572,410,1,0,0,-1,0,1
3574,79,1,1,2.335999664,3,0,1
3574,79,0,0,0,-1,0,1
3574,105,0,1,2.33594821,3,0,1
3574,105,1,0,0,-1,0,1
3574,889,1,1,2.335498971,1,1,1
3574,889,0,0,0,-1,0,1
3574,271,0,1,2.335441297,2,0,1
3574,271,1,0,0,-1,0,1
3576,79,1,1,2.335999967,3,0,1
3576,79,0,0,0,-1,0,1
3576,105,0,1,2.335977269,3,0,1
3576,105,1,0,0,-1,0,1
3576,410,0,1,2.335453936,2,1,1
3576,410,1,0,0,-1,0,1
3576,271,0,1,2.335424238,2,0,1
3576,271,1,0,0,-1,0,1
3578,79,1,1,2.335989099,3,0,1
3578,79,0,0,0,-1,0,1
3578,105,0,1,2.33595827,3,0,1
3578,105,1,0,0,-1,0,1
3578,889,1,1,2.335490886,1,1,1
3578,889,0,0,0,-1,0,1
3578,410,0,1,2.335461494,2,0,1
3578,410,1,0,0,-1,0,1
3580,79,1,1,2.33602543,3,0,1
3580,79,0,0,0,-1,0,1
3580,105,0,1,2.335975126,3,0,1
3580,105,1,0,0,-1,0,1
3580,889,1,1,2.335564254,1,1,1
3580,889,0,0,0,-1,0,1
3580,271,0,1,2.335398821,2,0,1
3580,271,1,0,0,-1,0,1
3582,79,1,1,2.335951597,3,0,1
3582,79,0,0,0,-1,0,1
3582,105,0,1,2.335889516,3,0,1
3582,105,1,0,0,-1,0,1
3582,889,1,1,2.335499513,1,1,1
3582,889,0,0,0,-1,0,1
3582,271,0,1,2.335497693,2,0,1
3582,271,1,0,0,-1,0,1
3584,79,1,1,2.336040192,3,0,1
3584,79,0,0,0,-1,0,1
3584,105,0,1,2.335996162,3,0,1
3584,105,1,0,0,-1,0,1
3584,889,1,1,2.335502317,1,1,1
3584,889,0,0,0,-1,0,1
3584,271,0,1,2.335439033,2,0,1
3584,271,1,0,0,-1,0,1
3586,79,1,1,2.335983347,3,0,1
3586,79,0,0,0,-1,0,1
3586,105,0,1,2.335956733,3,0,1
3586,105,1,0,0,-1,0,1
3586,889,1,1,2.335524331,1,1,1
3586,889,0,0,0,-1,0,1
3586,410,0,1,2.33546307,2,0,1
3586,410,1,0,0,-1,0,1
3588,79,1,1,2.336019359,3,0,1
3588,79,0,0,0,-1,0,1
3588,105,0,1,2.335980738,3,0,1
3588,105,1,0,0,-1,0,1
3588,889,1,1,2.335504484,1,1,1
3588,889,0,0,0,-1,0,1
3588,271,0,1,2.335437281,2,0,1
3588,271,1,0,0,-1,0,1
3589,79,1,1,2.332002126,3,0,1
3589,79,0,0,0,-1,0,1
3589,105,0,1,2.331931318,3,0,1
3589,105,1,0,0,-1,0,1
3589,271,0,1,2.331372872,2,1,1
3589,271,1,0,0,-1,0,1
3589,410,0,1,2.331347211,2,0,1
3589,410,1,0,0,-1,0,1
3591,79,1,1,2.331983146,3,0,1
3591,79,0,0,0,-1,0,1
3591,105,0,1,2.331891876,3,0,1
3591,105,1,0,0,-1,0,1
3591,271,0,1,2.331451134,2,1,1
3591,271,1,0,0,-1,0,1
3591,410,0,1,2.331402571,2,0,1
3591,410,1,0,0,-1,0,1
3593,79,1,1,2.33197429,3,0,1
3593,79,0,0,0,-1,0,1
3593,105,0,1,2.331881529,3,0,1
3593,105,1,0,0,-1,0,1
3593,271,0,1,2.331439048,2,1,1
3593,271,1,0,0,-1,0,1
3593,410,0,1,2.331377872,2,0,1
3593,410,1,0,0,-1,0,1
3595,79,1,1,2.331856553,3,0,1
3595,79,0,0,0,-1,0,1
3595,105,0,1,2.331832495,3,0,1
3595,105,1,0,0,-1,0,1
3595,889,1,1,2.33142395,1,1,1
3595,889,0,0,0,-1,0,1
3595,410,0,1,2.331377165,2,0,1
3595,410,1,0,0,-1,0,1
3597,79,1,1,2.33200906,3,0,1
3597,79,0,0,0,-1,0,1
3597,105,0,1,2.331890091,3,0,1
3597,105,1,0,0,-1,0,1
3597,271,0,1,2.331445863,2,1,1
3597,271,1,0,0,-1,0,1
3597,410,0,1,2.331406991,2,0,1
3597,410,1,0,0,-1,0,1
3599,79,1,1,2.331992741,3,0,1
3599,79,0,0,0,-1,0,1
3599,105,0,1,2.331884767,3,0,1
3599,105,1,0,0,-1,0,1
3599,271,0,1,2.331464612,2,0,1
3599,271,1,0,0,-1,0,1
3599,410,0,1,2.331357138,1,1,1
3599,410,1,0,0,-1,0,1
3601,79,1,1,2.332017452,3,0,1
3601,79,0,0,0,-1,0,1
3601,105,0,1,2.331942723,3,0,1
3601,105,1,0,0,-1,0,1
3601,271,0,1,2.331380363,2,1,1
3601,271,1,0,0,-1,0,1
3601,410,0,1,2.331328139,2,0,1
3601,410,1,0,0,-1,0,1
3603,79,1,1,2.332018672,3,0,1
3603,79,0,0,0,-1,0,1
3603,105,0,1,2.331904347,3,0,1
3603,105,1,0,0,-1,0,1
3603,271,0,1,2.331444214,2,1,1
3603,271,1,0,0,-1,0,1
3603,410,0,1,2.331386102,2,0,1
3603,410,1,0,0,-1,0,1
3605,79,1,1,2.331992992,3,0,1
3605,79,0,0,0,-1,0,1
3605,105,0,1,2.331891175,3,0,1
3605,105,1,0,0,-1,0,1
3605,271,0,1,2.33146068,2,1,1
3605,271,1,0,0,-1,0,1
3605,410,0,1,2.331395855,2,0,1
3605,410,1,0,0,-1,0,1
3607,79,1,1,2.332000399,3,0,1
3607,79,0,0,0,-1,0,1
3607,105,0,1,2.331902267,3,0,1
3607,105,1,0,0,-1,0,1
3607,271,0,1,2.33144842,2,1,1
3607,271,1,0,0,-1,0,1
3607,410,0,1,2.331403701,2,0,1
3607,410,1,0,0,-1,0,1
3608,79,1,1,2.32794477,3,0,1
3608,79,0,0,0,-1,0,1
3608,105,0,1,2.327859077,3,0,1
3608,105,1,0,0,-1,0,1
3608,410,0,1,2.327317789,2,1,1
3608,410,1,0,0,-1,0,1
3608,1000,1,1,2.327300273,2,0,1
3608,1000,0,0,0,-1,0,1
3610,79,1,1,2.327943394,3,0,1
3610,79,0,0,0,-1,0,1
3610,105,0,1,2.327841902,3,0,1
3610,105,1,0,0,-1,0,1
3610,410,0,1,2.327284933,2,1,1
3610,410,1,0,0,-1,0,1
3610,1000,1,1,2.327274632,2,0,1
3610,1000,0,0,0,-1,0,1
3612,79,1,1,2.327946974,3,0,1
3612,79,0,0,0,-1,0,1
3612,105,0,1,2.32785129,3,0,1
3612,105,1,0,0,-1,0,1
3612,410,0,1,2.32726332,2,0,1
3612,410,1,0,0,-1,0,1
3612,1000,1,1,2.327269003,2,1,1
3612,1000,0,0,0,-1,0,1
3614,79,1,1,2.32794534,3,0,1
3614,79,0,0,0,-1,0,1
3614,105,0,1,2.327856115,3,0,1
3614,105,1,0,0,-1,0,1
3614,1000,1,1,2.327272511,2,0,1
3614,1000,0,0,0,-1,0,1
3614,410,0,1,2.327299569,2,1,1
3614,410,1,0,0,-1,0,1
3616,79,1,1,2.32796944,3,0,1
3616,79,0,0,0,-1,0,1
3616,105,0,1,2.327854703,3,0,1
3616,105,1,0,0,-1,0,1
3616,410,0,1,2.327293858,2,1,1
3616,410,1,0,0,-1,0,1
3616,1000,1,1,2.327280695,2,0,1
3616,1000,0,0,0,-1,0,1
3618,79,1,1,2.327985092,3,0,1
3618,79,0,0,0,-1,0,1
3618,105,0,1,2.327866395,3,0,1
3618,105,1,0,0,-1,0,1
3618,410,0,1,2.327264212,2,1,1
3618,410,1,0,0,-1,0,1
3618,1000,1,1,2.327259821,2,0,1
3618,1000,0,0,0,-1,0,1
3620,79,1,1,2.327987363,3,0,1
3620,79,0,0,0,-1,0,1
3620,105,0,1,2.327871126,3,0,1
3620,105,1,0,0,-1,0,1
3620,410,0,1,2.327275272,2,1,1
3620,410,1,0,0,-1,0,1
3620,1000,1,1,2.327258299,2,0,1
3620,1000,0,0,0,-1,0,1
3622,79,1,1,2.327987504,3,0,1
3622,79,0,0,0,-1,0,1
3622,105,0,1,2.327883896,3,0,1
3622,105,1,0,0,-1,0,1
3622,1000,1,1,2.327280022,2,0,1
3622,1000,0,0,0,-1,0,1
3622,410,0,1,2.327298572,2,1,1
3622,410,1,0,0,-1,0,1
3624,79,1,1,2.32801072,3,0,1
3624,79,0,0,0,-1,0,1
3624,105,0,1,2.327893775,3,0,1
3624,105,1,0,0,-1,0,1
3624,410,0,1,2.327302881,2,1,1
3624,410,1,0,0,-1,0,1
3624,1000,1,1,2.327289152,2,0,1
3624,1000,0,0,0,-1,0,1
3626,79,1,1,2.328013099,3,0,1
3626,79,0,0,0,-1,0,1
3626,105,0,1,2.327894212,3,0,1
3626,105,1,0,0,-1,0,1
3626,410,0,1,2.327321055,2,1,1
3626,410,1,0,0,-1,0,1
3626,1000,1,1,2.327306013,2,0,1
3626,1000,0,0,0,-1,0,1
3627,79,1,1,2.323854034,3,0,1
3627,79,0,0,0,-1,0,1
3627,105,0,1,2.323763668,3,0,1
3627,105,1,0,0,-1,0,1
3627,1000,1,1,2.323196954,2,1,1
3627,1000,0,0,0,-1,0,1
3627,589,0,1,2.323181437,2,0,1
3627,589,1,0,0,-1,0,1
3629,79,1,1,2.323756751,3,0,1
3629,79,0,0,0,-1,0,1
3629,105,0,1,2.323872851,3,0,1
3629,105,1,0,0,-1,0,1
3629,410,0,1,2.323168367,2,1,1
3629,410,1,0,0,-1,0,1
3629,44,0,1,2.323050919,2,0,1
3629,44,1,0,0,-1,0,1
3631,79,1,1,2.323804136,3,0,1
3631,79,0,0,0,-1,0,1
3631,105,0,1,2.32369609,3,0,1
3631,105,1,0,0,-1,0,1
3631,1000,1,1,2.323162556,2,1,1
3631,1000,0,0,0,-1,0,1
3631,589,0,1,2.32316068,2,0,1
3631,589,1,0,0,-1,0,1
3633,79,1,1,2.32380859,3,0,1
3633,79,0,0,0,-1,0,1
3633,105,0,1,2.323698466,3,0,1
3633,105,1,0,0,-1,0,1
3633,1000,1,1,2.323188198,2,1,1
3633,1000,0,0,0,-1,0,1
3633,589,0,1,2.323168265,2,0,1
3633,589,1,0,0,-1,0,1
3635,79,1,1,2.323781643,3,0,1
3635,79,0,0,0,-1,0,1
3635,105,0,1,2.323665083,3,0,1
3635,105,1,0,0,-1,0,1
3635,1000,1,1,2.323163742,2,0,1
3635,1000,0,0,0,-1,0,1
3635,589,0,1,2.323187147,2,1,1
3635,589,1,0,0,-1,0,1
3637,79,1,1,2.323789539,3,0,1
3637,79,0,0,0,-1,0,1
3637,105,0,1,2.323692587,3,0,1
3637,105,1,0,0,-1,0,1
3637,589,0,1,2.323125588,2,0,1
3637,589,1,0,0,-1,0,1
3637,1000,1,1,2.323194886,2,1,1
3637,1000,0,0,0,-1,0,1
3639,79,1,1,2.323805832,3,0,1
3639,79,0,0,0,-1,0,1
3639,105,0,1,2.323698697,3,0,1
3639,105,1,0,0,-1,0,1
3639,1000,1,1,2.323175617,2,1,1
3639,1000,0,0,0,-1,0,1
3639,589,0,1,2.323163751,2,0,1
3639,589,1,0,0,-1,0,1
3641,79,1,1,2.323785755,3,0,1
3641,79,0,0,0,-1,0,1
3641,105,0,1,2.323654777,3,0,1
3641,105,1,0,0,-1,0,1
3641,1000,1,1,2.323117127,2,0,1
3641,1000,0,0,0,-1,0,1
3641,589,0,1,2.323161856,2,1,1
3641,589,1,0,0,-1,0,1
3643,79,1,1,2.323778298,3,0,1
3643,79,0,0,0,-1,0,1
3643,105,0,1,2.323678325,3,0,1
3643,105,1,0,0,-1,0,1
3643,589,0,1,2.323116515,2,0,1
3643,589,1,0,0,-1,0,1
3643,1000,1,1,2.323165019,2,1,1
3643,1000,0,0,0,-1,0,1
3645,79,1,1,2.323810052,3,0,1
3645,79,0,0,0,-1,0,1
3645,105,0,1,2.323696642,3,0,1
3645,105,1,0,0,-1,0,1
3645,1000,1,1,2.323165187,2,1,1
3645,1000,0,0,0,-1,0,1
3645,589,0,1,2.323152665,2,0,1
3645,589,1,0,0,-1,0,1
3646,105,0,1,2.319684828,3,0,1
3646,105,1,0,0,-1,0,1
3646,79,1,1,2.31961181,3,0,1
3646,79,0,0,0,-1,0,1
3646,589,0,1,2.318942596,2,1,1
3646,589,1,0,0,-1,0,1
3646,44,0,1,2.318890641,3,0,1
3646,44,1,0,0,-1,0,1
3648,105,0,1,2.319699265,3,0,1
3648,105,1,0,0,-1,0,1
3648,79,1,1,2.319594592,3,0,1
3648,79,0,0,0,-1,0,1
3648,589,0,1,2.318954528,2,1,1
3648,589,1,0,0,-1,0,1
3648,44,0,1,2.318904496,2,0,1
3648,44,1,0,0,-1,0,1
3650,105,0,1,2.319704606,3,0,1
3650,105,1,0,0,-1,0,1
3650,79,1,1,2.319637663,3,0,1
3650,79,0,0,0,-1,0,1
3650,589,0,1,2.318968434,2,1,1
3650,589,1,0,0,-1,0,1
3650,44,0,1,2.318888126,3,0,1
3650,44,1,0,0,-1,0,1
3652,105,0,1,2.319719941,3,0,1
3652,105,1,0,0,-1,0,1
3652,79,1,1,2.319653134,3,0,1
3652,79,0,0,0,-1,0,1
3652,589,0,1,2.318954725,2,1,1
3652,589,1,0,0,-1,0,1
3652,44,0,1,2.318912744,3,0,1
3652,44,1,0,0,-1,0,1
3654,105,0,1,2.319722357,3,0,1
3654,105,1,0,0,-1,0,1
3654,79,1,1,2.319635667,3,0,1
3654,79,0,0,0,-1,0,1
3654,589,0,1,2.318956303,2,1,1
3654,589,1,0,0,-1,0,1
3654,44,0,1,2.31890153,3,0,1
3654,44,1,0,0,-1,0,1
3656,105,0,1,2.319722664,3,0,1
3656,105,1,0,0,-1,0,1
3656,79,1,1,2.319636348,3,0,1
3656,79,0,0,0,-1,0,1
3656,589,0,1,2.318962159,2,1,1
3656,589,1,0,0,-1,0,1
3656,44,0,1,2.318906403,3,0,1
3656,44,1,0,0,-1,0,1
3658,105,0,1,2.319726473,3,0,1
3658,105,1,0,0,-1,0,1
3658,79,1,1,2.319643495,3,0,1
3658,79,0,0,0,-1,0,1
3658,589,0,1,2.318967303,2,1,1
3658,589,1,0,0,-1,0,1
3658,44,0,1,2.318909088,3,0,1
3658,44,1,0,0,-1,0,1
3660,105,0,1,2.319720578,3,0,1
3660,105,1,0,0,-1,0,1
3660,79,1,1,2.319641931,3,0,1
3660,79,0,0,0,-1,0,1
3660,589,0,1,2.318972384,2,1,1
3660,589,1,0,0,-1,0,1
3660,44,0,1,2.318904137,3,0,1
3660,44,1,0,0,-1,0,1
3662,105,0,1,2.319723426,3,0,1
3662,105,1,0,0,-1,0,1
3662,79,1,1,2.319643638,3,0,1
3662,79,0,0,0,-1,0,1
3662,589,0,1,2.318976978,2,1,1
3662,589,1,0,0,-1,0,1
3662,44,0,1,2.31890383,3,0,1
3662,44,1,0,0,-1,0,1
3664,105,0,1,2.319722417,3,0,1
3664,105,1,0,0,-1,0,1
3664,79,1,1,2.319641116,3,0,1
3664,79,0,0,0,-1,0,1
3664,589,0,1,2.318984541,2,1,1
3664,589,1,0,0,-1,0,1
3664,44,0,1,2.318898851,3,0,1
3664,44,1,0,0,-1,0,1
3665,293,0,1,2.318198756,0,1,1
3665,293,1,0,0,-1,0,1
3665,105,0,1,2.31555117,3,0,1
3665,105,1,0,0,-1,0,1
3665,960,1,1,2.315487957,4,0,1
3665,960,0,0,0,-1,0,1
3665,79,1,1,2.315483331,3,0,1
3665,79,0,0,0,-1,0,1
3667,105,0,1,2.314748123,3,0,1
3667,105,1,0,0,-1,0,1
3667,960,1,1,2.314724286,4,0,1
3667,960,0,0,0,-1,0,1
3667,79,1,1,2.31465111,3,0,1
3667,79,0,0,0,-1,0,1
3667,44,0,1,2.313861329,2,1,1
3667,44,1,0,0,-1,0,1
3669,105,0,1,2.314724159,3,0,1
3669,105,1,0,0,-1,0,1
3669,960,1,1,2.314694868,4,0,1
3669,960,0,0,0,-1,0,1
3669,79,1,1,2.314639198,3,0,1
3669,79,0,0,0,-1,0,1
3669,989,1,1,2.313877962,1,1,1
3669,989,0,0,0,-1,0,1
3671,105,0,1,2.314720116,3,0,1
3671,105,1,0,0,-1,0,1
3671,960,1,1,2.314701069,4,0,1
3671,960,0,0,0,-1,0,1
3671,79,1,1,2.314632529,3,0,1
3671,79,0,0,0,-1,0,1
3671,44,0,1,2.313914405,2,1,1
3671,44,1,0,0,-1,0,1
3673,105,0,1,2.31468216,3,1,1
3673,105,1,0,0,-1,0,1
3673,960,1,1,2.314718663,4,0,1
3673,960,0,0,0,-1,0,1
3673,79,1,1,2.314639671,3,0,1
3673,79,0,0,0,-1,0,1
3673,44,0,1,2.31385525,3,0,1
3673,44,1,0,0,-1,0,1
3675,960,1,1,2.315264653,4,0,1
3675,960,0,0,0,-1,0,1
3675,79,1,1,2.315193723,3,0,1
3675,79,0,0,0,-1,0,1
3675,1000,1,1,2.314730172,2,1,1
3675,1000,0,0,0,-1,0,1
3675,44,0,1,2.314379368,2,0,1
3675,44,1,0,0,-1,0,1
3677,410,0,1,2.314733114,2,1,1
3677,410,1,0,0,-1,0,1
3677,960,1,1,2.314521185,4,0,1
3677,960,0,0,0,-1,0,1
3677,79,1,1,2.314422097,3,0,1
3677,79,0,0,0,-1,0,1
3677,44,0,1,2.313687471,2,0,1
3677,44,1,0,0,-1,0,1
3679,960,1,1,2.315333718,4,0,1
3679,960,0,0,0,-1,0,1
3679,79,1,1,2.315170687,3,0,1
3679,79,0,0,0,-1,0,1
3679,271,0,1,2.314699955,2,0,1
3679,271,1,0,0,-1,0,1
3679,989,1,1,2.314487567,1,1,1
3679,989,0,0,0,-1,0,1
3681,960,1,1,2.315291629,4,0,1
3681,960,0,0,0,-1,0,1
3681,79,1,1,2.315174976,3,0,1
3681,79,0,0,0,-1,0,1
3681,271,0,1,2.314720652,2,1,1
3681,271,1,0,0,-1,0,1
3681,44,0,1,2.314419112,2,0,1
3681,44,1,0,0,-1,0,1
3683,960,1,1,2.315313607,4,0,1
3683,960,0,0,0,-1,0,1
3683,79,1,1,2.315128947,3,0,1
3683,79,0,0,0,-1,0,1
3683,520,1,1,2.314715309,1,1,1
3683,520,0,0,0,-1,0,1
3683,44,0,1,2.314493055,2,0,1
3683,44,1,0,0,-1,0,1
3684,960,1,1,2.31130008,4,0,1
3684,960,0,0,0,-1,0,1
3684,79,1,1,2.311194474,3,0,1
3684,79,0,0,0,-1,0,1
3684,989,1,1,2.310433995,1,1,1
3684,989,0,0,0,-1,0,1
3684,44,0,1,2.31047397,3,0,1
3684,44,1,0,0,-1,0,1
3686,960,1,1,2.311328476,4,0,1
3686,960,0,0,0,-1,0,1
3686,79,1,1,2.311176763,3,0,1
3686,79,0,0,0,-1,0,1
3686,44,0,1,2.310458515,3,0,1
3686,44,1,0,0,-1,0,1
3686,989,1,1,2.310409723,1,1,1
3686,989,0,0,0,-1,0,1
3688,960,1,1,2.311319286,4,0,1
3688,960,0,0,0,-1,0,1
3688,79,1,1,2.311162496,3,0,1
3688,79,0,0,0,-1,0,1
3688,44,0,1,2.310463099,3,0,1
3688,44,1,0,0,-1,0,1
3688,989,1,1,2.310357894,1,1,1
3688,989,0,0,0,-1,0,1
3690,960,1,1,2.311234726,4,0,1
3690,960,0,0,0,-1,0,1
3690,79,1,1,2.311212679,3,0,1
3690,79,0,0,0,-1,0,1
3690,44,0,1,2.310466355,2,0,1
3690,44,1,0,0,-1,0,1
3690,989,1,1,2.310505867,1,1,1
3690,989,0,0,0,-1,0,1
3692,960,1,1,2.311221195,4,0,1
3692,960,0,0,0,-1,0,1
3692,79,1,1,2.311233536,3,0,1
3692,79,0,0,0,-1,0,1
3692,44,0,1,2.310471942,2,0,1
3692,44,1,0,0,-1,0,1
3692,989,1,1,2.310402457,1,1,1
3692,989,0,0,0,-1,0,1
3694,960,1,1,2.311246355,4,0,1
3694,960,0,0,0,-1,0,1
3694,79,1,1,2.311250079,3,0,1
3694,79,0,0,0,-1,0,1
3694,44,0,1,2.310400683,2,0,1
3694,44,1,0,0,-1,0,1
3694,989,1,1,2.310458189,1,1,1
3694,989,0,0,0,-1,0,1
3696,960,1,1,2.311251614,4,0,1
3696,960,0,0,0,-1,0,1
3696,79,1,1,2.311235886,3,0,1
3696,79,0,0,0,-1,0,1
3696,44,0,1,2.310411942,2,0,1
3696,44,1,0,0,-1,0,1
3696,989,1,1,2.310476352,1,1,1
3696,989,0,0,0,-1,0,1
3698,960,1,1,2.31126999,4,0,1
3698,960,0,0,0,-1,0,1
3698,79,1,1,2.311222927,3,0,1
3698,79,0,0,0,-1,0,1
3698,44,0,1,2.310429496,2,0,1
3698,44,1,0,0,-1,0,1
3698,989,1,1,2.310456174,1,1,1
3698,989,0,0,0,-1,0,1
3700,960,1,1,2.311271082,4,0,1
3700,960,0,0,0,-1,0,1
3700,79,1,1,2.31121167,3,0,1
3700,79,0,0,0,-1,0,1
3700,44,0,1,2.310507734,3,0,1
3700,44,1,0,0,-1,0,1
3700,989,1,1,2.310431755,1,1,1
3700,989,0,0,0,-1,0,1
3702,960,1,1,2.311292422,4,0,1
3702,960,0,0,0,-1,0,1
3702,79,1,1,2.31119818,3,0,1
3702,79,0,0,0,-1,0,1
3702,44,0,1,2.310496283,3,0,1
3702,44,1,0,0,-1,0,1
3702,989,1,1,2.310418472,1,1,1
3702,989,0,0,0,-1,0,1
3703,960,1,1,2.307033764,4,0,1
3703,960,0,0,0,-1,0,1
3703,79,1,1,2.306930892,3,0,1
3703,79,0,0,0,-1,0,1
3703,769,0,1,2.306258257,1,1,1
3703,769,1,0,0,-1,0,1
3703,44,0,1,2.306260021,2,0,1
3703,44,1,0,0,-1,0,1
3705,989,1,1,2.306312708,1,1,1
3705,989,0,0,0,-1,0,1
3705,960,1,1,2.305268343,4,0,1
3705,960,0,0,0,-1,0,1
3705,79,1,1,2.305112888,3,0,1
3705,79,0,0,0,-1,0,1
3705,44,0,1,2.304453966,2,0,1
3705,44,1,0,0,-1,0,1
3707,960,1,1,2.307096278,4,0,1
3707,960,0,0,0,-1,0,1
3707,79,1,1,2.306954653,3,0,1
3707,79,0,0,0,-1,0,1
3707,44,0,1,2.306296257,3,0,1
3707,44,1,0,0,-1,0,1
3707,769,0,1,2.306266265,1,1,1
3707,769,1,0,0,-1,0,1
3709,960,1,1,2.30710416,4,0,1
3709,960,0,0,0,-1,0,1
3709,79,1,1,2.306934828,3,0,1
3709,79,0,0,0,-1,0,1
3709,44,0,1,2.306259449,2,0,1
3709,44,1,0,0,-1,0,1
3709,769,0,1,2.306274732,1,1,1
3709,769,1,0,0,-1,0,1
3711,960,1,1,2.30712242,4,0,1
3711,960,0,0,0,-1,0,1
3711,79,1,1,2.306887411,3,0,1
3711,79,0,0,0,-1,0,1
3711,44,0,1,2.30629744,2,0,1
3711,44,1,0,0,-1,0,1
3711,769,0,1,2.306250659,1,1,1
3711,769,1,0,0,-1,0,1
3713,960,1,1,2.307091516,4,0,1
3713,960,0,0,0,-1,0,1
3713,79,1,1,2.306909639,3,0,1
3713,79,0,0,0,-1,0,1
3713,44,0,1,2.306288009,2,0,1
3713,44,1,0,0,-1,0,1
3713,769,0,1,2.30621511,1,1,1
3713,769,1,0,0,-1,0,1
3715,960,1,1,2.307085439,4,0,1
3715,960,0,0,0,-1,0,1
3715,79,1,1,2.306914332,3,0,1
3715,79,0,0,0,-1,0,1
3715,44,0,1,2.306269306,2,0,1
3715,44,1,0,0,-1,0,1
3715,769,0,1,2.306221169,1,1,1
3715,769,1,0,0,-1,0,1
3717,960,1,1,2.307092942,4,0,1
3717,960,0,0,0,-1,0,1
3717,79,1,1,2.30691499,3,0,1
3717,79,0,0,0,-1,0,1
3717,44,0,1,2.306281714,2,0,1
3717,44,1,0,0,-1,0,1
3717,769,0,1,2.306216394,1,1,1
3717,769,1,0,0,-1,0,1
3719,960,1,1,2.307102637,4,0,1
3719,960,0,0,0,-1,0,1
3719,79,1,1,2.306913878,3,0,1
3719,79,0,0,0,-1,0,1
3719,44,0,1,2.306283291,2,0,1
3719,44,1,0,0,-1,0,1
3719,769,0,1,2.306228144,1,1,1
3719,769,1,0,0,-1,0,1
3721,960,1,1,2.307104363,4,0,1
3721,960,0,0,0,-1,0,1
3721,79,1,1,2.306899239,3,0,1
3721,79,0,0,0,-1,0,1
3721,44,0,1,2.306304542,2,0,1
3721,44,1,0,0,-1,0,1
3721,769,0,1,2.306205179,1,1,1
3721,769,1,0,0,-1,0,1
3722,960,1,1,2.302957476,4,0,1
3722,960,0,0,0,-1,0,1
3722,79,1,1,2.302716371,3,0,1
3722,79,0,0,0,-1,0,1
3722,44,0,1,2.302097632,3,0,1
3722,44,1,0,0,-1,0,1
3722,967,0,1,2.301972021,0,1,1
3722,967,1,0,0,-1,0,1
3724,960,1,1,2.302942722,4,0,1
3724,960,0,0,0,-1,0,1
3724,79,1,1,2.302731981,3,0,1
3724,79,0,0,0,-1,0,1
3724,44,0,1,2.30213912,3,0,1
3724,44,1,0,0,-1,0,1
3724,967,0,1,2.301937421,0,1,1
3724,967,1,0,0,-1,0,1
3726,960,1,1,2.302953466,4,0,1
3726,960,0,0,0,-1,0,1
3726,79,1,1,2.302756004,3,0,1
3726,79,0,0,0,-1,0,1
3726,44,0,1,2.302161291,3,0,1
3726,44,1,0,0,-1,0,1
3726,967,0,1,2.301953671,0,1,1
3726,967,1,0,0,-1,0,1
3728,960,1,1,2.302945081,4,0,1
3728,960,0,0,0,-1,0,1
3728,79,1,1,2.302761977,3,0,1
3728,79,0,0,0,-1,0,1
3728,44,0,1,2.302154958,3,0,1
3728,44,1,0,0,-1,0,1
3728,967,0,1,2.301951649,0,1,1
3728,967,1,0,0,-1,0,1
3730,960,1,1,2.30298106,4,0,1
3730,960,0,0,0,-1,0,1
3730,79,1,1,2.302715351,3,0,1
3730,79,0,0,0,-1,0,1
3730,44,0,1,2.302118692,3,0,1
3730,44,1,0,0,-1,0,1
3730,967,0,1,2.301971368,0,1,1
3730,967,1,0,0,-1,0,1
3732,960,1,1,2.30292748,4,0,1
3732,960,0,0,0,-1,0,1
3732,79,1,1,2.302765023,3,0,1
3732,79,0,0,0,-1,0,1
3732,44,0,1,2.302156377,3,0,1
3732,44,1,0,0,-1,0,1
3732,967,0,1,2.30197422,0,1,1
3732,967,1,0,0,-1,0,1
3734,960,1,1,2.302936547,4,0,1
3734,960,0,0,0,-1,0,1
3734,79,1,1,2.302762172,3,0,1
3734,79,0,0,0,-1,0,1
3734,44,0,1,2.302167434,3,0,1
3734,44,1,0,0,-1,0,1
3734,967,0,1,2.301988898,0,1,1
3734,967,1,0,0,-1,0,1
3736,960,1,1,2.302948556,4,0,1
3736,960,0,0,0,-1,0,1
3736,79,1,1,2.302769721,3,0,1
3736,79,0,0,0,-1,0,1
3736,44,0,1,2.302159679,3,0,1
3736,44,1,0,0,-1,0,1
3736,967,0,1,2.301941987,0,1,1
3736,967,1,0,0,-1,0,1
3738,960,1,1,2.302963316,4,0,1
3738,960,0,0,0,-1,0,1
3738,79,1,1,2.302741029,3,0,1
3738,79,0,0,0,-1,0,1
3738,44,0,1,2.302132568,3,0,1
3738,44,1,0,0,-1,0,1
3738,967,0,1,2.301942204,0,1,1
3738,967,1,0,0,-1,0,1
3740,960,1,1,2.302959801,4,0,1
3740,960,0,0,0,-1,0,1
3740,79,1,1,2.302728499,3,0,1
3740,79,0,0,0,-1,0,1
3740,44,0,1,2.302130222,3,0,1
3740,44,1,0,0,-1,0,1
3740,967,0,1,2.301964188,0,1,1
3740,967,1,0,0,-1,0,1
3741,960,1,1,2.29863075,4,0,1
3741,960,0,0,0,-1,0,1
3741,79,1,1,2.298400509,3,0,1
3741,79,0,0,0,-1,0,1
3741,44,0,1,2.297772881,2,1,1
3741,44,1,0,0,-1,0,1
3741,817,1,1,2.297473561,2,0,1
3741,817,0,0,0,-1,0,1
3743,960,1,1,2.298855663,4,0,1
3743,960,0,0,0,-1,0,1
3743,79,1,1,2.298642667,3,0,1
3743,79,0,0,0,-1,0,1
3743,967,0,1,2.29776732,0,1,1
3743,967,1,0,0,-1,0,1
3743,817,1,1,2.297765963,2,0,1
3743,817,0,0,0,-1,0,1
3745,960,1,1,2.29879175,4,0,1
3745,960,0,0,0,-1,0,1
3745,79,1,1,2.298667834,3,0,1
3745,79,0,0,0,-1,0,1
3745,967,0,1,2.297887751,0,1,1
3745,967,1,0,0,-1,0,1
3745,817,1,1,2.297811151,2,0,1
3745,817,0,0,0,-1,0,1
3747,960,1,1,2.298827577,4,0,1
3747,960,0,0,0,-1,0,1
3747,79,1,1,2.298632659,3,0,1
3747,79,0,0,0,-1,0,1
3747,967,0,1,2.297801299,1,1,1
3747,967,1,0,0,-1,0,1
3747,817,1,1,2.297765133,2,0,1
3747,817,0,0,0,-1,0,1
3749,960,1,1,2.298835716,4,0,1
3749,960,0,0,0,-1,0,1
3749,79,1,1,2.298699605,3,0,1
3749,79,0,0,0,-1,0,1
3749,967,0,1,2.297968615,1,1,1
3749,967,1,0,0,-1,0,1
3749,817,1,1,2.297701627,2,0,1
3749,817,0,0,0,-1,0,1
3751,960,1,1,2.298761303,4,0,1
3751,960,0,0,0,-1,0,1
3751,79,1,1,2.298739427,3,0,1
3751,79,0,0,0,-1,0,1
3751,967,0,1,2.297802394,1,1,1
3751,967,1,0,0,-1,0,1
3751,817,1,1,2.297686114,2,0,1
3751,817,0,0,0,-1,0,1
3753,960,1,1,2.298968656,4,0,1
3753,960,0,0,0,-1,0,1
3753,79,1,1,2.298554597,3,0,1
3753,79,0,0,0,-1,0,1
3753,967,0,1,2.297727398,0,1,1
3753,967,1,0,0,-1,0,1
3753,817,1,1,2.297787489,2,0,1
3753,817,0,0,0,-1,0,1
3755,960,1,1,2.298874635,4,0,1
3755,960,0,0,0,-1,0,1
3755,79,1,1,2.298723771,3,0,1
3755,79,0,0,0,-1,0,1
3755,967,0,1,2.298048154,1,1,1
3755,967,1,0,0,-1,0,1
3755,817,1,1,2.297567912,2,0,1
3755,817,0,0,0,-1,0,1
3757,960,1,1,2.298927486,4,0,1
3757,960,0,0,0,-1,0,1
3757,79,1,1,2.298470547,3,0,1
3757,79,0,0,0,-1,0,1
3757,967,0,1,2.297806047,0,1,1
3757,967,1,0,0,-1,0,1
3757,817,1,1,2.297965108,2,0,1
3757,817,0,0,0,-1,0,1
3759,960,1,1,2.299061704,4,0,1
3759,960,0,0,0,-1,0,1
3759,79,1,1,2.298491999,3,0,1
3759,79,0,0,0,-1,0,1
3759,967,0,1,2.298030606,1,1,1
3759,967,1,0,0,-1,0,1
3759,817,1,1,2.297740905,2,0,1
3759,817,0,0,0,-1,0,1
3760,960,1,1,2.294695279,4,0,1
3760,960,0,0,0,-1,0,1
3760,79,1,1,2.294108848,3,0,1
3760,79,0,0,0,-1,0,1
3760,817,1,1,2.293733815,2,1,1
3760,817,0,0,0,-1,0,1
3760,376,1,1,2.293646214,2,0,1
3760,376,0,0,0,-1,0,1
3762,960,1,1,2.294587955,4,0,1
3762,960,0,0,0,-1,0,1
3762,79,1,1,2.294491715,3,0,1
3762,79,0,0,0,-1,0,1
3762,817,1,1,2.293244052,2,0,1
3762,817,0,0,0,-1,0,1
3762,376,1,1,2.293648793,1,1,1
3762,376,0,0,0,-1,0,1
3764,960,1,1,2.294687663,4,0,1
3764,960,0,0,0,-1,0,1
3764,79,1,1,2.294396517,3,0,1
3764,79,0,0,0,-1,0,1
3764,817,1,1,2.293298715,2,1,1
3764,817,0,0,0,-1,0,1
3764,376,1,1,2.293218212,2,0,1
3764,376,0,0,0,-1,0,1
3766,960,1,1,2.294308425,4,0,1
3766,960,0,0,0,-1,0,1
3766,79,1,1,2.294594818,3,0,1
3766,79,0,0,0,-1,0,1
3766,817,1,1,2.293431641,2,1,1
3766,817,0,0,0,-1,0,1
3766,376,1,1,2.293373423,2,0,1
3766,376,0,0,0,-1,0,1
3768,960,1,1,2.294696094,4,0,1
3768,960,0,0,0,-1,0,1
3768,79,1,1,2.294160959,3,0,1
3768,79,0,0,0,-1,0,1
3768,817,1,1,2.293659769,2,1,1
3768,817,0,0,0,-1,0,1
3768,376,1,1,2.293584119,2,0,1
3768,376,0,0,0,-1,0,1
3770,960,1,1,2.294551848,4,0,1
3770,960,0,0,0,-1,0,1
3770,79,1,1,2.294562481,3,0,1
3770,79,0,0,0,-1,0,1
3770,817,1,1,2.293209583,2,0,1
3770,817,0,0,0,-1,0,1
3770,376,1,1,2.293627961,1,1,1
3770,376,0,0,0,-1,0,1
3772,960,1,1,2.294639207,4,0,1
3772,960,0,0,0,-1,0,1
3772,79,1,1,2.294444412,3,0,1
3772,79,0,0,0,-1,0,1
3772,817,1,1,2.293265542,2,1,1
3772,817,0,0,0,-1,0,1
3772,376,1,1,2.293193202,2,0,1
3772,376,0,0,0,-1,0,1
3774,960,1,1,2.294344443,4,0,1
3774,960,0,0,0,-1,0,1
3774,79,1,1,2.29452768,3,0,1
3774,79,0,0,0,-1,0,1
3774,817,1,1,2.293479472,2,1,1
3774,817,0,0,0,-1,0,1
3774,376,1,1,2.293411705,2,0,1
3774,376,0,0,0,-1,0,1
3776,960,1,1,2.294703749,4,0,1
3776,960,0,0,0,-1,0,1
3776,79,1,1,2.294177614,3,0,1
3776,79,0,0,0,-1,0,1
3776,817,1,1,2.293601529,2,1,1
3776,817,0,0,0,-1,0,1
3776,376,1,1,2.29352963,2,0,1
3776,376,0,0,0,-1,0,1
3778,960,1,1,2.294505922,4,0,1
3778,960,0,0,0,-1,0,1
3778,79,1,1,2.294588008,3,0,1
3778,79,0,0,0,-1,0,1
3778,817,1,1,2.293221367,2,1,1
3778,817,0,0,0,-1,0,1
3778,376,1,1,2.293165547,2,0,1
3778,376,0,0,0,-1,0,1
3779,960,1,1,2.289943766,4,0,1
3779,960,0,0,0,-1,0,1
3779,79,1,1,2.290203991,3,0,1
3779,79,0,0,0,-1,0,1
3779,376,1,1,2.288989575,1,1,1
3779,376,0,0,0,-1,0,1
3779,117,0,1,2.288806695,2,0,1
3779,117,1,0,0,-1,0,1
3781,960,1,1,2.290347141,4,0,1
3781,960,0,0,0,-1,0,1
3781,79,1,1,2.289842324,3,0,1
3781,79,0,0,0,-1,0,1
3781,376,1,1,2.28906098,2,1,1
3781,376,0,0,0,-1,0,1
3781,117,0,1,2.288955064,2,0,1
3781,117,1,0,0,-1,0,1
3783,960,1,1,2.290006189,4,0,1
3783,960,0,0,0,-1,0,1
3783,79,1,1,2.290192784,3,0,1
3783,79,0,0,0,-1,0,1
3783,376,1,1,2.289094414,1,1,1
3783,376,0,0,0,-1,0,1
3783,117,0,1,2.288764485,2,0,1
3783,117,1,0,0,-1,0,1
3785,960,1,1,2.290329875,4,0,1
3785,960,0,0,0,-1,0,1
3785,79,1,1,2.289802424,3,0,1
3785,79,0,0,0,-1,0,1
3785,376,1,1,2.289137361,2,1,1
3785,376,0,0,0,-1,0,1
3785,117,0,1,2.288999538,2,0,1
3785,117,1,0,0,-1,0,1
3787,960,1,1,2.29010511,4,0,1
3787,960,0,0,0,-1,0,1
3787,79,1,1,2.290168948,3,0,1
3787,79,0,0,0,-1,0,1
3787,376,1,1,2.289171723,1,1,1
3787,376,0,0,0,-1,0,1
3787,117,0,1,2.288712537,2,0,1
3787,117,1,0,0,-1,0,1
3789,960,1,1,2.290190081,4,0,1
3789,960,0,0,0,-1,0,1
3789,79,1,1,2.290102905,3,0,1
3789,79,0,0,0,-1,0,1
3789,376,1,1,2.288807059,2,1,1
3789,376,0,0,0,-1,0,1
3789,117,0,1,2.288722515,2,0,1
3789,117,1,0,0,-1,0,1
3791,960,1,1,2.290206864,4,0,1
3791,960,0,0,0,-1,0,1
3791,79,1,1,2.290065173,3,0,1
3791,79,0,0,0,-1,0,1
3791,376,1,1,2.288825707,2,1,1
3791,376,0,0,0,-1,0,1
3791,117,0,1,2.288739103,2,0,1
3791,117,1,0,0,-1,0,1
3793,960,1,1,2.289974316,4,0,1
3793,960,0,0,0,-1,0,1
3793,79,1,1,2.290085945,3,0,1
3793,79,0,0,0,-1,0,1
3793,376,1,1,2.289023013,2,1,1
3793,376,0,0,0,-1,0,1
3793,117,0,1,2.288976619,2,0,1
3793,117,1,0,0,-1,0,1
3795,960,1,1,2.290001447,4,0,1
3795,960,0,0,0,-1,0,1
3795,79,1,1,2.290108651,3,0,1
3795,79,0,0,0,-1,0,1
3795,376,1,1,2.288984393,2,1,1
3795,376,0,0,0,-1,0,1
3795,117,0,1,2.288871037,2,0,1
3795,117,1,0,0,-1,0,1
3797,960,1,1,2.290294361,4,0,1
3797,960,0,0,0,-1,0,1
3797,79,1,1,2.289840442,3,0,1
3797,79,0,0,0,-1,0,1
3797,376,1,1,2.289132963,2,1,1
3797,376,0,0,0,-1,0,1
3797,117,0,1,2.28902237,2,0,1
3797,117,1,0,0,-1,0,1
3798,960,1,1,2.285868898,4,0,1
3798,960,0,0,0,-1,0,1
3798,79,1,1,2.285539844,3,0,1
3798,79,0,0,0,-1,0,1
3798,117,0,1,2.284433464,2,0,1
3798,117,1,0,0,-1,0,1
3798,998,0,1,2.284497965,1,1,1
3798,998,1,0,0,-1,0,1
3800,960,1,1,2.285621381,4,0,1
3800,960,0,0,0,-1,0,1
3800,79,1,1,2.285558147,3,0,1
3800,79,0,0,0,-1,0,1
3800,117,0,1,2.284602925,2,1,1
3800,117,1,0,0,-1,0,1
3800,999,1,1,2.284530932,2,0,1
3800,999,0,0,0,-1,0,1
3802,960,1,1,2.285919647,4,0,1
3802,960,0,0,0,-1,0,1
3802,79,1,1,2.285443527,3,0,1
3802,79,0,0,0,-1,0,1
3802,117,0,1,2.284508797,2,1,1
3802,117,1,0,0,-1,0,1
3802,999,1,1,2.28422371,3,0,1
3802,999,0,0,0,-1,0,1
3804,960,1,1,2.285610271,4,0,1
3804,960,0,0,0,-1,0,1
3804,79,1,1,2.285732466,3,0,1
3804,79,0,0,0,-1,0,1
3804,117,0,1,2.28438093,2,1,1
3804,117,1,0,0,-1,0,1
3804,999,1,1,2.284254828,2,0,1
3804,999,0,0,0,-1,0,1
3806,960,1,1,2.285711335,4,0,1
3806,960,0,0,0,-1,0,1
3806,79,1,1,2.285398224,3,0,1
3806,79,0,0,0,-1,0,1
3806,117,0,1,2.284773597,2,1,1
3806,117,1,0,0,-1,0,1
3806,999,1,1,2.284625713,2,0,1
3806,999,0,0,0,-1,0,1
3808,960,1,1,2.285865381,4,0,1
3808,960,0,0,0,-1,0,1
3808,79,1,1,2.285419363,3,0,1
3808,79,0,0,0,-1,0,1
3808,117,0,1,2.284563203,2,1,1
3808,117,1,0,0,-1,0,1
3808,999,1,1,2.284413822,2,0,1
3808,999,0,0,0,-1,0,1
3810,960,1,1,2.285577347,4,0,1
3810,960,0,0,0,-1,0,1
3810,79,1,1,2.285602443,3,0,1
3810,79,0,0,0,-1,0,1
3810,117,0,1,2.284545551,2,1,1
3810,117,1,0,0,-1,0,1
3810,999,1,1,2.284445291,2,0,1
3810,999,0,0,0,-1,0,1
3812,960,1,1,2.28575933,4,0,1
3812,960,0,0,0,-1,0,1
3812,79,1,1,2.28532754,3,0,1
3812,79,0,0,0,-1,0,1
3812,999,1,1,2.284758059,2,0,1
3812,999,0,0,0,-1,0,1
3812,376,1,1,2.284790012,2,1,1
3812,376,0,0,0,-1,0,1
3814,960,1,1,2.285758172,4,0,1
3814,960,0,0,0,-1,0,1
3814,79,1,1,2.285596447,3,0,1
3814,79,0,0,0,-1,0,1
3814,376,1,1,2.284627451,1,1,1
3814,376,0,0,0,-1,0,1
3814,999,1,1,2.284521915,3,0,1
3814,999,0,0,0,-1,0,1
3816,960,1,1,2.285799953,4,0,1
3816,960,0,0,0,-1,0,1
3816,79,1,1,2.285575543,3,0,1
3816,79,0,0,0,-1,0,1
3816,117,0,1,2.284512587,2,1,1
3816,117,1,0,0,-1,0,1
3816,999,1,1,2.284337045,2,0,1
3816,999,0,0,0,-1,0,1
3817,960,1,1,2.281240345,4,0,1
3817,960,0,0,0,-1,0,1
3817,79,1,1,2.281218382,3,0,1
3817,79,0,0,0,-1,0,1
3817,999,1,1,2.27997358,2,0,1
3817,999,0,0,0,-1,0,1
3817,998,0,1,2.279914098,1,1,1
3817,998,1,0,0,-1,0,1
3819,960,1,1,2.281402026,4,0,1
3819,960,0,0,0,-1,0,1
3819,79,1,1,2.281010189,3,0,1
3819,79,0,0,0,-1,0,1
3819,999,1,1,2.280180127,2,1,1
3819,999,0,0,0,-1,0,1
3819,998,0,1,2.279948234,2,0,1
3819,998,1,0,0,-1,0,1
3821,610,0,1,2.28346123,0,1,1
3821,610,1,0,0,-1,0,1
3821,960,1,1,2.281149592,4,0,1
3821,960,0,0,0,-1,0,1
3821,79,1,1,2.281013012,3,0,1
3821,79,0,0,0,-1,0,1
3821,117,0,1,2.280010362,2,0,1
3821,117,1,0,0,-1,0,1
3823,999,1,1,2.283552358,0,1,1
3823,999,0,0,0,-1,0,1
3823,960,1,1,2.280239791,4,0,1
3823,960,0,0,0,-1,0,1
3823,79,1,1,2.280215648,3,0,1
3823,79,0,0,0,-1,0,1
3823,117,0,1,2.279202865,2,0,1
3823,117,1,0,0,-1,0,1
3825,960,1,1,2.284741406,4,0,1
3825,960,0,0,0,-1,0,1
3825,79,1,1,2.28446008,3,0,1
3825,79,0,0,0,-1,0,1
3825,117,0,1,2.283688034,2,1,1
3825,117,1,0,0,-1,0,1
3825,376,1,1,2.283562491,2,0,1
3825,376,0,0,0,-1,0,1
3827,960,1,1,2.284779252,4,0,1
3827,960,0,0,0,-1,0,1
3827,79,1,1,2.284772644,3,0,1
3827,79,0,0,0,-1,0,1
3827,817,1,1,2.283563662,2,1,1
3827,817,0,0,0,-1,0,1
3827,376,1,1,2.283506463,2,0,1
3827,376,0,0,0,-1,0,1
3829,960,1,1,2.284752922,4,0,1
3829,960,0,0,0,-1,0,1
3829,79,1,1,2.284715912,3,0,1
3829,79,0,0,0,-1,0,1
3829,817,1,1,2.283748863,2,1,1
3829,817,0,0,0,-1,0,1
3829,376,1,1,2.283711334,2,0,1
3829,376,0,0,0,-1,0,1
3831,960,1,1,2.284895401,4,0,1
3831,960,0,0,0,-1,0,1
3831,79,1,1,2.284626171,3,0,1
3831,79,0,0,0,-1,0,1
3831,817,1,1,2.283673424,2,0,1
3831,817,0,0,0,-1,0,1
3831,376,1,1,2.283691656,1,1,1
3831,376,0,0,0,-1,0,1
3833,960,1,1,2.284923156,4,0,1
3833,960,0,0,0,-1,0,1
3833,79,1,1,2.284571542,3,0,1
3833,79,0,0,0,-1,0,1
3833,817,1,1,2.283733125,2,1,1
3833,817,0,0,0,-1,0,1
3833,376,1,1,2.283665063,2,0,1
3833,376,0,0,0,-1,0,1
3835,960,1,1,2.284769025,4,0,1
3835,960,0,0,0,-1,0,1
3835,79,1,1,2.28477155,3,0,1
3835,79,0,0,0,-1,0,1
3835,817,1,1,2.283597466,2,1,1
3835,817,0,0,0,-1,0,1
3835,376,1,1,2.283537042,2,0,1
3835,376,0,0,0,-1,0,1
3836,960,1,1,2.280368131,4,0,1
3836,960,0,0,0,-1,0,1
3836,79,1,1,2.280369335,3,0,1
3836,79,0,0,0,-1,0,1
3836,376,1,1,2.279260936,1,1,1
3836,376,0,0,0,-1,0,1
3836,998,0,1,2.279050262,1,0,1
3836,998,1,0,0,-1,0,1
3838,960,1,1,2.280332574,4,0,1
3838,960,0,0,0,-1,0,1
3838,79,1,1,2.280415458,3,0,1
3838,79,0,0,0,-1,0,1
3838,376,1,1,2.279249918,1,1,1
3838,376,0,0,0,-1,0,1
3838,716,0,1,2.27910359,2,0,1
3838,716,1,0,0,-1,0,1
3840,960,1,1,2.280547674,4,0,1
3840,960,0,0,0,-1,0,1
3840,79,1,1,2.280260775,3,0,1
3840,79,0,0,0,-1,0,1
3840,376,1,1,2.279285456,2,1,1
3840,376,0,0,0,-1,0,1
3840,716,0,1,2.279122625,2,0,1
3840,716,1,0,0,-1,0,1
3842,960,1,1,2.28036572,4,0,1
3842,960,0,0,0,-1,0,1
3842,79,1,1,2.280433115,3,0,1
3842,79,0,0,0,-1,0,1
3842,376,1,1,2.279323287,1,1,1
3842,376,0,0,0,-1,0,1
3842,716,0,1,2.279054505,2,0,1
3842,716,1,0,0,-1,0,1
3844,960,1,1,2.280557602,4,0,1
3844,960,0,0,0,-1,0,1
3844,79,1,1,2.280233348,3,0,1
3844,79,0,0,0,-1,0,1
3844,376,1,1,2.279320011,1,1,1
3844,376,0,0,0,-1,0,1
3844,716,0,1,2.279177529,2,0,1
3844,716,1,0,0,-1,0,1
3846,960,1,1,2.280560474,4,0,1
3846,960,0,0,0,-1,0,1
3846,79,1,1,2.280204646,3,0,1
3846,79,0,0,0,-1,0,1
3846,376,1,1,2.27931471,1,1,1
3846,376,0,0,0,-1,0,1
3846,716,0,1,2.279201383,2,0,1
3846,716,1,0,0,-1,0,1
3848,960,1,1,2.28054875,4,0,1
3848,960,0,0,0,-1,0,1
3848,79,1,1,2.2802377,3,0,1
3848,79,0,0,0,-1,0,1
3848,376,1,1,2.279272455,1,1,1
3848,376,0,0,0,-1,0,1
3848,716,0,1,2.27921075,2,0,1
3848,716,1,0,0,-1,0,1
3850,960,1,1,2.2803518,4,0,1
3850,960,0,0,0,-1,0,1
3850,79,1,1,2.280396002,3,0,1
3850,79,0,0,0,-1,0,1
3850,376,1,1,2.279244906,2,1,1
3850,376,0,0,0,-1,0,1
3850,716,0,1,2.279096031,2,0,1
3850,716,1,0,0,-1,0,1
3852,960,1,1,2.280351567,4,0,1
3852,960,0,0,0,-1,0,1
3852,79,1,1,2.280419833,3,0,1
3852,79,0,0,0,-1,0,1
3852,376,1,1,2.27929153,1,1,1
3852,376,0,0,0,-1,0,1
3852,716,0,1,2.279077006,2,0,1
3852,716,1,0,0,-1,0,1
3854,960,1,1,2.280549551,4,0,1
3854,960,0,0,0,-1,0,1
3854,79,1,1,2.280249854,3,0,1
3854,79,0,0,0,-1,0,1
3854,376,1,1,2.279324223,2,1,1
3854,376,0,0,0,-1,0,1
3854,716,0,1,2.279156153,2,0,1
3854,716,1,0,0,-1,0,1
3855,960,1,1,2.276101022,4,0,1
3855,960,0,0,0,-1,0,1
3855,79,1,1,2.275991473,3,0,1
3855,79,0,0,0,-1,0,1
3855,716,0,1,2.274684955,2,0,1
3855,716,1,0,0,-1,0,1
3855,998,0,1,2.274833277,1,1,1
3855,998,1,0,0,-1,0,1
3857,960,1,1,2.276100355,4,0,1
3857,960,0,0,0,-1,0,1
3857,79,1,1,2.275877931,3,0,1
3857,79,0,0,0,-1,0,1
3857,716,0,1,2.274885918,2,0,1
3857,716,1,0,0,-1,0,1
3857,998,0,1,2.274612887,1,1,1
3857,998,1,0,0,-1,0,1
3859,960,1,1,2.276032478,4,0,1
3859,960,0,0,0,-1,0,1
3859,79,1,1,2.276041212,3,0,1
3859,79,0,0,0,-1,0,1
3859,716,0,1,2.274685745,2,0,1
3859,716,1,0,0,-1,0,1
3859,998,0,1,2.274698995,1,1,1
3859,998,1,0,0,-1,0,1
3861,960,1,1,2.276169503,4,0,1
3861,960,0,0,0,-1,0,1
3861,79,1,1,2.275849696,3,0,1
3861,79,0,0,0,-1,0,1
3861,716,0,1,2.274829301,2,0,1
3861,716,1,0,0,-1,0,1
3861,998,0,1,2.27466876,1,1,1
3861,998,1,0,0,-1,0,1
3863,960,1,1,2.276013722,4,0,1
3863,960,0,0,0,-1,0,1
3863,79,1,1,2.275996807,3,0,1
3863,79,0,0,0,-1,0,1
3863,716,0,1,2.274751612,2,0,1
3863,716,1,0,0,-1,0,1
3863,998,0,1,2.274645321,1,1,1
3863,998,1,0,0,-1,0,1
3865,960,1,1,2.276192003,4,0,1
3865,960,0,0,0,-1,0,1
3865,79,1,1,2.275885145,3,0,1
3865,79,0,0,0,-1,0,1
3865,716,0,1,2.274777786,2,0,1
3865,716,1,0,0,-1,0,1
3865,998,0,1,2.274737147,1,1,1
3865,998,1,0,0,-1,0,1
3867,960,1,1,2.276038389,4,0,1
3867,960,0,0,0,-1,0,1
3867,79,1,1,2.27592713,3,0,1
3867,79,0,0,0,-1,0,1
3867,716,0,1,2.274858008,2,0,1
3867,716,1,0,0,-1,0,1
3867,998,0,1,2.274551285,1,1,1
3867,998,1,0,0,-1,0,1
3869,960,1,1,2.276099453,4,0,1
3869,960,0,0,0,-1,0,1
3869,79,1,1,2.275975661,3,0,1
3869,79,0,0,0,-1,0,1
3869,716,0,1,2.274698265,2,0,1
3869,716,1,0,0,-1,0,1
3869,998,0,1,2.274727821,1,1,1
3869,998,1,0,0,-1,0,1
3871,960,1,1,2.276119469,4,0,1
3871,960,0,0,0,-1,0,1
3871,79,1,1,2.275867062,3,0,1
3871,79,0,0,0,-1,0,1
3871,716,0,1,2.274858387,2,0,1
3871,716,1,0,0,-1,0,1
3871,998,0,1,2.274600775,1,1,1
3871,998,1,0,0,-1,0,1
3873,960,1,1,2.276056011,4,0,1
3873,960,0,0,0,-1,0,1
3873,79,1,1,2.276004449,3,0,1
3873,79,0,0,0,-1,0,1
3873,716,0,1,2.274718245,2,0,1
3873,716,1,0,0,-1,0,1
3873,998,0,1,2.274711329,1,1,1
3873,998,1,0,0,-1,0,1
3874,960,1,1,2.271607673,4,0,1
3874,960,0,0,0,-1,0,1
3874,79,1,1,2.271365619,3,0,1
3874,79,0,0,0,-1,0,1
3874,794,0,1,2.271310719,1,1,1
3874,794,1,0,0,-1,0,1
3874,716,0,1,2.270205316,2,0,1
3874,716,1,0,0,-1,0,1
3876,998,0,1,2.271187099,1,1,1
3876,998,1,0,0,-1,0,1
3876,960,1,1,2.270421391,4,0,1
3876,960,0,0,0,-1,0,1
3876,79,1,1,2.270341754,3,0,1
3876,79,0,0,0,-1,0,1
3876,716,0,1,2.269221767,2,0,1
3876,716,1,0,0,-1,0,1
3878,960,1,1,2.272496473,4,0,1
3878,960,0,0,0,-1,0,1
3878,79,1,1,2.272401011,3,0,1
3878,79,0,0,0,-1,0,1
3878,376,1,1,2.271221511,2,1,1
3878,376,0,0,0,-1,0,1
3878,716,0,1,2.27115173,2,0,1
3878,716,1,0,0,-1,0,1
3880,960,1,1,2.272426467,4,0,1
3880,960,0,0,0,-1,0,1
3880,79,1,1,2.272377797,3,0,1
3880,79,0,0,0,-1,0,1
3880,376,1,1,2.271313015,2,1,1
3880,376,0,0,0,-1,0,1
3880,716,0,1,2.271223528,2,0,1
3880,716,1,0,0,-1,0,1
3882,960,1,1,2.272450558,4,0,1
3882,960,0,0,0,-1,0,1
3882,79,1,1,2.272382702,3,0,1
3882,79,0,0,0,-1,0,1
3882,376,1,1,2.271263545,2,1,1
3882,376,0,0,0,-1,0,1
3882,716,0,1,2.271170126,2,0,1
3882,716,1,0,0,-1,0,1
3884,960,1,1,2.272560535,4,0,1
3884,960,0,0,0,-1,0,1
3884,79,1,1,2.272299808,3,0,1
3884,79,0,0,0,-1,0,1
3884,376,1,1,2.271312194,2,1,1
3884,376,0,0,0,-1,0,1
3884,716,0,1,2.271210434,2,0,1
3884,716,1,0,0,-1,0,1
3886,960,1,1,2.27246543,4,0,1
3886,960,0,0,0,-1,0,1
3886,79,1,1,2.272423772,3,0,1
3886,79,0,0,0,-1,0,1
3886,376,1,1,2.271328273,1,1,1
3886,376,0,0,0,-1,0,1
3886,716,0,1,2.271114817,2,0,1
3886,716,1,0,0,-1,0,1
3888,960,1,1,2.272520877,4,0,1
3888,960,0,0,0,-1,0,1
3888,79,1,1,2.272388245,3,0,1
3888,79,0,0,0,-1,0,1
3888,376,1,1,2.271193032,2,1,1
3888,376,0,0,0,-1,0,1
3888,716,0,1,2.27110896,2,0,1
3888,716,1,0,0,-1,0,1
3890,960,1,1,2.272436054,4,0,1
3890,960,0,0,0,-1,0,1
3890,79,1,1,2.27237612,3,0,1
3890,79,0,0,0,-1,0,1
3890,376,1,1,2.271299618,2,1,1
3890,376,0,0,0,-1,0,1
3890,716,0,1,2.271203893,2,0,1
3890,716,1,0,0,-1,0,1
3892,960,1,1,2.272535752,4,0,1
3892,960,0,0,0,-1,0,1
3892,79,1,1,2.272310422,3,0,1
3892,79,0,0,0,-1,0,1
3892,376,1,1,2.27125262,1,1,1
3892,376,0,0,0,-1,0,1
3892,716,0,1,2.271219826,2,0,1
3892,716,1,0,0,-1,0,1
3893,960,1,1,2.268094497,4,0,1
3893,960,0,0,0,-1,0,1
3893,79,1,1,2.267927943,3,0,1
3893,79,0,0,0,-1,0,1
3893,716,0,1,2.266840699,2,0,1
3893,716,1,0,0,-1,0,1
3893,437,1,1,2.26651174,1,1,1
3893,437,0,0,0,-1,0,1
3895,960,1,1,2.268077165,4,0,1
3895,960,0,0,0,-1,0,1
3895,79,1,1,2.268041464,3,0,1
3895,79,0,0,0,-1,0,1
3895,716,0,1,2.266707577,2,0,1
3895,716,1,0,0,-1,0,1
3895,437,1,1,2.266580258,1,1,1
3895,437,0,0,0,-1,0,1
3897,960,1,1,2.268116865,4,0,1
3897,960,0,0,0,-1,0,1
3897,79,1,1,2.267900374,3,0,1
3897,79,0,0,0,-1,0,1
3897,716,0,1,2.266835802,2,0,1
3897,716,1,0,0,-1,0,1
3897,437,1,1,2.266481812,1,1,1
3897,437,0,0,0,-1,0,1
3899,960,1,1,2.268014376,4,0,1
3899,960,0,0,0,-1,0,1
3899,79,1,1,2.268060395,3,0,1
3899,79,0,0,0,-1,0,1
3899,716,0,1,2.266702284,2,0,1
3899,716,1,0,0,-1,0,1
3899,437,1,1,2.266517033,1,1,1
3899,437,0,0,0,-1,0,1
3901,960,1,1,2.268142238,4,0,1
3901,960,0,0,0,-1,0,1
3901,79,1,1,2.267921346,3,0,1
3901,79,0,0,0,-1,0,1
3901,716,0,1,2.266756437,2,0,1
3901,716,1,0,0,-1,0,1
3901,437,1,1,2.266576441,1,1,1
3901,437,0,0,0,-1,0,1
3903,960,1,1,2.268012221,4,0,1
3903,960,0,0,0,-1,0,1
3903,79,1,1,2.268002032,3,0,1
3903,79,0,0,0,-1,0,1
3903,716,0,1,2.266778131,2,0,1
3903,716,1,0,0,-1,0,1
3903,437,1,1,2.26651897,1,1,1
3903,437,0,0,0,-1,0,1
3905,960,1,1,2.268085194,4,0,1
3905,960,0,0,0,-1,0,1
3905,79,1,1,2.268009792,3,0,1
3905,79,0,0,0,-1,0,1
3905,716,0,1,2.266696745,2,0,1
3905,716,1,0,0,-1,0,1
3905,437,1,1,2.266615694,1,1,1
3905,437,0,0,0,-1,0,1
3907,960,1,1,2.268030179,4,0,1
3907,960,0,0,0,-1,0,1
3907,79,1,1,2.267979938,3,0,1
3907,79,0,0,0,-1,0,1
3907,716,0,1,2.266785096,2,0,1
3907,716,1,0,0,-1,0,1
3907,437,1,1,2.266501255,1,1,1
3907,437,0,0,0,-1,0,1
3909,960,1,1,2.268021802,4,0,1
3909,960,0,0,0,-1,0,1
3909,79,1,1,2.268060412,3,0,1
3909,79,0,0,0,-1,0,1
3909,716,0,1,2.266648867,2,0,1
3909,716,1,0,0,-1,0,1
3909,437,1,1,2.266628266,1,1,1
3909,437,0,0,0,-1,0,1
3911,960,1,1,2.268084332,4,0,1
3911,960,0,0,0,-1,0,1
3911,79,1,1,2.267948229,3,0,1
3911,79,0,0,0,-1,0,1
3911,716,0,1,2.266761562,2,0,1
3911,716,1,0,0,-1,0,1
3911,437,1,1,2.266580429,1,1,1
3911,437,0,0,0,-1,0,1
3912,960,1,1,2.263323881,4,0,1
3912,960,0,0,0,-1,0,1
3912,79,1,1,2.26333326,3,0,1
3912,79,0,0,0,-1,0,1
3912,830,1,1,2.26288224,3,0,1
3912,830,0,0,0,-1,0,1
3912,716,0,1,2.262086662,2,1,1
3912,716,1,0,0,-1,0,1
3914,960,1,1,2.263606874,4,0,1
3914,960,0,0,0,-1,0,1
3914,79,1,1,2.263425352,3,0,1
3914,79,0,0,0,-1,0,1
3914,377,1,1,2.262406872,2,0,1
3914,377,0,0,0,-1,0,1
3914,437,1,1,2.262033595,1,1,1
3914,437,0,0,0,-1,0,1
3916,960,1,1,2.263648499,4,0,1
3916,960,0,0,0,-1,0,1
3916,79,1,1,2.2634652,3,0,1
3916,79,0,0,0,-1,0,1
3916,377,1,1,2.262356411,2,0,1
3916,377,0,0,0,-1,0,1
3916,437,1,1,2.262090006,1,1,1
3916,437,0,0,0,-1,0,1
3918,960,1,1,2.263586888,4,0,1
3918,960,0,0,0,-1,0,1
3918,79,1,1,2.263429714,3,0,1
3918,79,0,0,0,-1,0,1
3918,377,1,1,2.26239607,2,0,1
3918,377,0,0,0,-1,0,1
3918,437,1,1,2.26197653,1,1,1
3918,437,0,0,0,-1,0,1
3920,960,1,1,2.263561593,4,0,1
3920,960,0,0,0,-1,0,1
3920,79,1,1,2.263520724,3,0,1
3920,79,0,0,0,-1,0,1
3920,377,1,1,2.262287403,2,0,1
3920,377,0,0,0,-1,0,1
3920,437,1,1,2.262068325,1,1,1
3920,437,0,0,0,-1,0,1
3922,960,1,1,2.263625082,4,0,1
3922,960,0,0,0,-1,0,1
3922,79,1,1,2.26342737,3,0,1
3922,79,0,0,0,-1,0,1
3922,377,1,1,2.262354146,2,0,1
3922,377,0,0,0,-1,0,1
3922,437,1,1,2.262076491,1,1,1
3922,437,0,0,0,-1,0,1
3924,960,1,1,2.263524493,4,0,1
3924,960,0,0,0,-1,0,1
3924,79,1,1,2.263518148,3,0,1
3924,79,0,0,0,-1,0,1
3924,377,1,1,2.262300877,2,0,1
3924,377,0,0,0,-1,0,1
3924,437,1,1,2.26206555,1,1,1
3924,437,0,0,0,-1,0,1
3926,960,1,1,2.26358307,4,0,1
3926,960,0,0,0,-1,0,1
3926,79,1,1,2.26348869,3,0,1
3926,79,0,0,0,-1,0,1
3926,377,1,1,2.262289511,2,0,1
3926,377,0,0,0,-1,0,1
3926,437,1,1,2.262122707,1,1,1
3926,437,0,0,0,-1,0,1
3928,960,1,1,2.263506563,4,0,1
3928,960,0,0,0,-1,0,1
3928,79,1,1,2.263520893,3,0,1
3928,79,0,0,0,-1,0,1
3928,377,1,1,2.26231248,2,0,1
3928,377,0,0,0,-1,0,1
3928,437,1,1,2.262054718,1,1,1
3928,437,0,0,0,-1,0,1
3930,960,1,1,2.263530455,4,0,1
3930,960,0,0,0,-1,0,1
3930,79,1,1,2.263550457,3,0,1
3930,79,0,0,0,-1,0,1
3930,377,1,1,2.262225037,2,0,1
3930,377,0,0,0,-1,0,1
3930,437,1,1,2.262165107,1,1,1
3930,437,0,0,0,-1,0,1
3931,960,1,1,2.258900899,4,0,1
3931,960,0,0,0,-1,0,1
3931,79,1,1,2.258888745,3,0,1
3931,79,0,0,0,-1,0,1
3931,830,1,1,2.258379676,3,0,1
3931,830,0,0,0,-1,0,1
3931,377,1,1,2.257674424,2,1,1
3931,377,0,0,0,-1,0,1
3933,960,1,1,2.259280541,4,0,1
3933,960,0,0,0,-1,0,1
3933,79,1,1,2.259051956,3,0,1
3933,79,0,0,0,-1,0,1
3933,909,0,1,2.258116896,1,1,1
3933,909,1,0,0,-1,0,1
3933,437,1,1,2.257730599,1,0,1
3933,437,0,0,0,-1,0,1
3935,960,1,1,2.25878187,4,0,1
3935,960,0,0,0,-1,0,1
3935,79,1,1,2.258654822,3,0,1
3935,79,0,0,0,-1,0,1
3935,716,0,1,2.258035036,2,0,1
3935,716,1,0,0,-1,0,1
3935,437,1,1,2.257202821,1,1,1
3935,437,0,0,0,-1,0,1
3937,960,1,1,2.258637024,4,0,1
3937,960,0,0,0,-1,0,1
3937,79,1,1,2.258663034,3,0,1
3937,79,0,0,0,-1,0,1
3937,716,0,1,2.258044697,2,1,1
3937,716,1,0,0,-1,0,1
3937,443,0,1,2.257128674,2,0,1
3937,443,1,1,-0.02454356382,217,0,1
3939,960,1,1,2.259188252,4,0,1
3939,960,0,0,0,-1,0,1
3939,79,1,1,2.259148881,3,0,1
3939,79,0,0,0,-1,0,1
3939,376,1,1,2.25797492,1,1,1
3939,376,0,0,0,-1,0,1
3939,437,1,1,2.257652929,1,0,1
3939,437,0,0,0,-1,0,1
3941,960,1,1,2.254919925,4,0,1
3941,960,0,0,0,-1,0,1
3941,79,1,1,2.254838279,3,0,1
3941,79,0,0,0,-1,0,1
3941,437,1,1,2.253410604,1,1,1
3941,437,0,0,0,-1,0,1
3941,443,0,1,2.253381415,2,0,1
3941,443,1,1,-0.02678186762,192,0,1
3943,960,1,1,2.254884853,4,0,1
3943,960,0,0,0,-1,0,1
3943,79,1,1,2.254927685,3,0,1
3943,79,0,0,0,-1,0,1
3943,437,1,1,2.253490075,1,1,1
3943,437,0,0,0,-1,0,1
3943,443,0,1,2.253226951,2,0,1
3943,443,1,1,-0.02611243126,217,0,1
3945,960,1,1,2.254920385,4,0,1
3945,960,0,0,0,-1,0,1
3945,79,1,1,2.254803177,3,0,1
3945,79,0,0,0,-1,0,1
3945,437,1,1,2.253390226,1,1,1
3945,437,0,0,0,-1,0,1
3945,443,0,1,2.253347874,2,0,1
3945,443,1,1,-0.02628227738,217,0,1
3947,960,1,1,2.254836207,4,0,1
3947,960,0,0,0,-1,0,1
3947,79,1,1,2.254935844,3,0,1
3947,79,0,0,0,-1,0,1
3947,437,1,1,2.25342477,1,1,1
3947,437,0,0,0,-1,0,1
3947,443,0,1,2.253270015,2,0,1
3947,443,1,1,-0.02571705198,216,0,1
3949,960,1,1,2.254947484,4,0,1
3949,960,0,0,0,-1,0,1
3949,79,1,1,2.254848304,3,0,1
3949,79,0,0,0,-1,0,1
3949,437,1,1,2.253495834,1,1,1
3949,437,0,0,0,-1,0,1
3949,443,0,1,2.253294101,2,0,1
3949,443,1,1,-0.02679349056,192,0,1
3950,960,1,1,2.250348422,4,0,1
3950,960,0,0,0,-1,0,1
3950,79,1,1,2.250275283,3,0,1
3950,79,0,0,0,-1,0,1
3950,830,1,1,2.249673212,3,0,1
3950,830,0,0,0,-1,0,1
3950,443,0,1,2.248780007,2,1,1
3950,443,1,0,0,-1,0,1
3952,960,1,1,2.250284666,4,0,1
3952,960,0,0,0,-1,0,1
3952,79,1,1,2.250334185,3,0,1
3952,79,0,0,0,-1,0,1
3952,830,1,1,2.249697315,3,0,1
3952,830,0,0,0,-1,0,1
3952,443,0,1,2.248702992,2,1,1
3952,443,1,0,0,-1,0,1
3954,960,1,1,2.250291946,4,0,1
3954,960,0,0,0,-1,0,1
3954,79,1,1,2.250289109,3,0,1
3954,79,0,0,0,-1,0,1
3954,830,1,1,2.249645817,3,0,1
3954,830,0,0,0,-1,0,1
3954,443,0,1,2.248801527,2,1,1
3954,443,1,0,0,-1,0,1
3956,960,1,1,2.250159689,4,0,1
3956,960,0,0,0,-1,0,1
3956,79,1,1,2.250134838,3,0,1
3956,79,0,0,0,-1,0,1
3956,437,1,1,2.248745839,1,1,1
3956,437,0,0,0,-1,0,1
3956,266,0,1,2.248540387,2,0,1
3956,266,1,0,0,-1,0,1
3958,960,1,1,2.250266667,4,0,1
3958,960,0,0,0,-1,0,1
3958,79,1,1,2.250302708,3,0,1
3958,79,0,0,0,-1,0,1
3958,830,1,1,2.249675313,3,0,1
3958,830,0,0,0,-1,0,1
3958,443,0,1,2.248742199,2,1,1
3958,443,1,0,0,-1,0,1
3960,960,1,1,2.250369474,4,0,1
3960,960,0,0,0,-1,0,1
3960,79,1,1,2.250213264,3,0,1
3960,79,0,0,0,-1,0,1
3960,830,1,1,2.249599205,3,0,1
3960,830,0,0,0,-1,0,1
3960,443,0,1,2.248847521,2,1,1
3960,443,1,0,0,-1,0,1
3962,960,1,1,2.250338478,4,0,1
3962,960,0,0,0,-1,0,1
3962,79,1,1,2.250283974,3,0,1
3962,79,0,0,0,-1,0,1
3962,830,1,1,2.249714777,3,0,1
3962,830,0,0,0,-1,0,1
3962,443,0,1,2.248757693,2,1,1
3962,443,1,0,0,-1,0,1
3964,960,1,1,2.250321603,4,0,1
3964,960,0,0,0,-1,0,1
3964,79,1,1,2.250257464,3,0,1
3964,79,0,0,0,-1,0,1
3964,830,1,1,2.249655522,3,0,1
3964,830,0,0,0,-1,0,1
3964,443,0,1,2.248813807,2,1,1
3964,443,1,0,0,-1,0,1
3966,960,1,1,2.250391724,4,0,1
3966,960,0,0,0,-1,0,1
3966,79,1,1,2.250238462,3,0,1
3966,79,0,0,0,-1,0,1
3966,830,1,1,2.249609754,3,0,1
3966,830,0,0,0,-1,0,1
3966,443,0,1,2.248772355,2,1,1
3966,443,1,0,0,-1,0,1
3968,960,1,1,2.25031532,4,0,1
3968,960,0,0,0,-1,0,1
3968,79,1,1,2.25032105,3,0,1
3968,79,0,0,0,-1,0,1
3968,830,1,1,2.249679933,3,0,1
3968,830,0,0,0,-1,0,1
3968,443,0,1,2.248732655,2,1,1
3968,443,1,0,0,-1,0,1
3969,960,1,1,2.245660386,4,0,1
3969,960,0,0,0,-1,0,1
3969,79,1,1,2.245664147,3,0,1
3969,79,0,0,0,-1,0,1
3969,830,1,1,2.245178573,3,0,1
3969,830,0,0,0,-1,0,1
3969,266,0,1,2.243970753,2,1,1
3969,266,1,0,0,-1,0,1
3971,960,1,1,2.245741605,4,0,1
3971,960,0,0,0,-1,0,1
3971,79,1,1,2.245616366,3,0,1
3971,79,0,0,0,-1,0,1
3971,830,1,1,2.245134355,3,0,1
3971,830,0,0,0,-1,0,1
3971,266,0,1,2.244001305,2,1,1
3971,266,1,0,0,-1,0,1
3973,960,1,1,2.245697294,4,0,1
3973,960,0,0,0,-1,0,1
3973,79,1,1,2.245730721,3,0,1
3973,79,0,0,0,-1,0,1
3973,830,1,1,2.245270842,3,0,1
3973,830,0,0,0,-1,0,1
3973,266,0,1,2.243899414,2,1,1
3973,266,1,0,0,-1,0,1
3975,960,1,1,2.245671837,4,0,1
3975,960,0,0,0,-1,0,1
3975,79,1,1,2.245695148,3,0,1
3975,79,0,0,0,-1,0,1
3975,830,1,1,2.24523169,3,0,1
3975,830,0,0,0,-1,0,1
3975,266,0,1,2.243975067,2,1,1
3975,266,1,0,0,-1,0,1
3977,960,1,1,2.245719122,4,0,1
3977,960,0,0,0,-1,0,1
3977,79,1,1,2.245693959,3,0,1
3977,79,0,0,0,-1,0,1
3977,830,1,1,2.245205789,3,0,1
3977,830,0,0,0,-1,0,1
3977,266,0,1,2.243951906,2,1,1
3977,266,1,0,0,-1,0,1
3979,960,1,1,2.245628561,4,0,1
3979,960,0,0,0,-1,0,1
3979,79,1,1,2.245773226,3,0,1
3979,79,0,0,0,-1,0,1
3979,830,1,1,2.245287164,3,0,1
3979,830,0,0,0,-1,0,1
3979,266,0,1,2.243912904,2,1,1
3979,266,1,0,0,-1,0,1
3981,960,1,1,2.245656646,4,0,1
3981,960,0,0,0,-1,0,1
3981,79,1,1,2.245705613,3,0,1
3981,79,0,0,0,-1,0,1
3981,830,1,1,2.245231729,3,0,1
3981,830,0,0,0,-1,0,1
3981,266,0,1,2.243987341,2,1,1
3981,266,1,0,0,-1,0,1
3983,960,1,1,2.245680979,4,0,1
3983,960,0,0,0,-1,0,1
3983,79,1,1,2.245725711,3,0,1
3983,79,0,0,0,-1,0,1
3983,830,1,1,2.245274867,3,0,1
3983,830,0,0,0,-1,0,1
3983,266,0,1,2.243928013,2,1,1
3983,266,1,0,0,-1,0,1
3985,960,1,1,2.245608085,4,0,1
3985,960,0,0,0,-1,0,1
3985,79,1,1,2.245774464,3,0,1
3985,79,0,0,0,-1,0,1
3985,830,1,1,2.24532762,3,0,1
3985,830,0,0,0,-1,0,1
3985,266,0,1,2.243936526,2,1,1
3985,266,1,0,0,-1,0,1
3987,960,1,1,2.245657532,4,0,1
3987,960,0,0,0,-1,0,1
3987,79,1,1,2.245720464,3,0,1
3987,79,0,0,0,-1,0,1
3987,830,1,1,2.245256455,3,0,1
3987,830,0,0,0,-1,0,1
3987,266,0,1,2.243988904,2,1,1
3987,266,1,0,0,-1,0,1
3988,960,1,1,2.240883043,4,0,1
3988,960,0,0,0,-1,0,1
3988,79,1,1,2.241008646,3,0,1
3988,79,0,0,0,-1,0,1
3988,830,1,1,2.240476474,3,0,1
3988,830,0,0,0,-1,0,1
3988,644,0,1,2.239068131,2,1,1
3988,644,1,1,1.573651469,81,0,1
3990,960,1,1,2.240860684,4,0,1
3990,960,0,0,0,-1,0,1
3990,79,1,1,2.24103167,3,0,1
3990,79,0,0,0,-1,0,1
3990,830,1,1,2.240480279,3,0,1
3990,830,0,0,0,-1,0,1
3990,644,0,1,2.239109736,2,1,1
3990,644,1,1,1.573646351,81,0,1
3992,960,1,1,2.240906224,4,0,1
3992,960,0,0,0,-1,0,1
3992,79,1,1,2.240950581,3,0,1
3992,79,0,0,0,-1,0,1
3992,830,1,1,2.240440933,3,0,1
3992,830,0,0,0,-1,0,1
3992,644,0,1,2.239154775,2,1,1
3992,644,1,1,1.573643249,81,0,1
3994,960,1,1,2.240919737,4,0,1
3994,960,0,0,0,-1,0,1
3994,79,1,1,2.240955067,3,0,1
3994,79,0,0,0,-1,0,1
3994,830,1,1,2.240453754,3,0,1
3994,830,0,0,0,-1,0,1
3994,644,0,1,2.239100627,2,1,1
3994,644,1,1,1.573643495,81,0,1
3996,960,1,1,2.240887002,4,0,1
3996,960,0,0,0,-1,0,1
3996,79,1,1,2.240963109,3,0,1
3996,79,0,0,0,-1,0,1
3996,830,1,1,2.240467446,3,0,1
3996,830,0,0,0,-1,0,1
3996,644,0,1,2.239115532,2,1,1
3996,644,1,1,1.573654928,81,0,1
3998,960,1,1,2.240948775,4,0,1
3998,960,0,0,0,-1,0,1
3998,79,1,1,2.240897167,3,0,1
3998,79,0,0,0,-1,0,1
3998,830,1,1,2.240393777,3,0,1
3998,830,0,0,0,-1,0,1
3998,644,0,1,2.239137906,2,1,1
3998,644,1,1,1.573665958,81,0,1
4000,960,1,1,2.24093898,4,0,1
4000,960,0,0,0,-1,0,1
4000,79,1,1,2.240940493,3,0,1
4000,79,0,0,0,-1,0,1
4000,830,1,1,2.240418478,3,0,1
4000,830,0,0,0,-1,0,1
4000,644,0,1,2.239088916,2,1,1
4000,644,1,1,1.573663121,81,0,1
4002,960,1,1,2.24091382,4,0,1
4002,960,0,0,0,-1,0,1
4002,79,1,1,2.240926309,3,0,1
4002,79,0,0,0,-1,0,1
4002,830,1,1,2.240411077,3,0,1
4002,830,0,0,0,-1,0,1
4002,644,0,1,2.239134474,2,1,1
4002,644,1,1,1.573653027,81,0,1
4004,960,1,1,2.240960908,4,0,1
4004,960,0,0,0,-1,0,1
4004,79,1,1,2.240891952,3,0,1
4004,79,0,0,0,-1,0,1
4004,830,1,1,2.240396294,3,0,1
4004,830,0,0,0,-1,0,1
4004,644,0,1,2.239140506,2,1,1
4004,644,1,1,1.573648275,81,0,1
4006,960,1,1,2.240923734,4,0,1
4006,960,0,0,0,-1,0,1
4006,79,1,1,2.240936174,3,0,1
4006,79,0,0,0,-1,0,1
4006,830,1,1,2.240452183,3,0,1
4006,830,0,0,0,-1,0,1
4006,644,0,1,2.239102537,2,1,1
4006,644,1,1,1.573655371,81,0,1
4007,960,1,1,2.236064707,4,0,1
4007,960,0,0,0,-1,0,1
4007,79,1,1,2.236060801,3,0,1
4007,79,0,0,0,-1,0,1
4007,830,1,1,2.23555957,3,0,1
4007,830,0,0,0,-1,0,1
4007,692,0,1,2.234803369,2,1,1
4007,692,1,0,0,-1,0,1
4009,960,1,1,2.235178502,4,0,1
4009,960,0,0,0,-1,0,1
4009,79,1,1,2.235116025,3,0,1
4009,79,0,0,0,-1,0,1
4009,644,0,1,2.23485334,2,1,1
4009,644,1,1,1.564967002,82,0,1
4009,830,1,1,2.234550484,3,0,1
4009,830,0,0,0,-1,0,1
4011,960,1,1,2.236577425,4,0,1
4011,960,0,0,0,-1,0,1
4011,79,1,1,2.23656442,3,0,1
4011,79,0,0,0,-1,0,1
4011,830,1,1,2.236001337,3,0,1
4011,830,0,0,0,-1,0,1
4011,41,1,1,2.235133617,2,1,1
4011,41,0,0,0,-1,0,1
4013,960,1,1,2.236136796,4,0,1
4013,960,0,0,0,-1,0,1
4013,79,1,1,2.236100031,3,0,1
4013,79,0,0,0,-1,0,1
4013,830,1,1,2.235404398,3,0,1
4013,830,0,0,0,-1,0,1
4013,348,1,1,2.235155239,2,1,1
4013,348,0,0,0,-1,0,1
4015,106,0,1,2.238776825,1,1,1
4015,106,1,0,0,-1,0,1
4015,960,1,1,2.236657193,4,0,1
4015,960,0,0,0,-1,0,1
4015,79,1,1,2.236571033,3,0,1
4015,79,0,0,0,-1,0,1
4015,443,0,1,2.235652856,2,0,1
4015,443,1,1,-0.04515644182,233,0,1
4017,41,1,1,2.238768115,0,1,1
4017,41,0,0,0,-1,0,1
4017,960,1,1,2.235642839,4,0,1
4017,960,0,0,0,-1,0,1
4017,79,1,1,2.235570014,3,0,1
4017,79,0,0,0,-1,0,1
4017,443,0,1,2.234667462,2,0,1
4017,443,1,1,-0.04561345285,239,0,1
4019,960,1,1,2.239692053,4,0,1
4019,960,0,0,0,-1,0,1
4019,79,1,1,2.239631073,3,0,1
4019,79,0,0,0,-1,0,1
4019,967,0,1,2.23873282,0,1,1
4019,967,1,0,0,-1,0,1
4019,443,0,1,2.238606913,2,0,1
4019,443,1,0,0,-1,0,1
4021,960,1,1,2.23564197,4,0,1
4021,960,0,0,0,-1,0,1
4021,79,1,1,2.235622245,3,0,1
4021,79,0,0,0,-1,0,1
4021,443,0,1,2.234657511,2,1,1
4021,443,1,1,-0.04679591472,284,0,1
4021,463,0,1,2.234382675,2,0,1
4021,463,1,0,0,-1,0,1
4023,376,1,1,2.234643352,0,1,1
4023,376,0,0,0,-1,0,1
4023,960,1,1,2.231619463,4,0,1
4023,960,0,0,0,-1,0,1
4023,79,1,1,2.231545527,3,0,1
4023,79,0,0,0,-1,0,1
4023,463,0,1,2.230304841,2,0,1
4023,463,1,0,0,-1,0,1
4025,960,1,1,2.235681682,4,0,1
4025,960,0,0,0,-1,0,1
4025,79,1,1,2.235710675,3,0,1
4025,79,0,0,0,-1,0,1
4025,817,1,1,2.234641945,2,1,1
4025,817,0,0,0,-1,0,1
4025,463,0,1,2.234468125,2,0,1
4025,463,1,0,0,-1,0,1
4026,960,1,1,2.231565379,4,0,1
4026,960,0,0,0,-1,0,1
4026,79,1,1,2.23152866,3,0,1
4026,79,0,0,0,-1,0,1
4026,463,0,1,2.230261505,1,1,1
4026,463,1,0,0,-1,0,1
4026,437,1,1,2.230182164,1,0,1
4026,437,0,0,0,-1,0,1
4028,960,1,1,2.231600925,4,0,1
4028,960,0,0,0,-1,0,1
4028,79,1,1,2.231551505,3,0,1
4028,79,0,0,0,-1,0,1
4028,463,0,1,2.230263045,2,0,1
4028,463,1,0,0,-1,0,1
4028,437,1,1,2.230168812,1,1,1
4028,437,0,0,0,-1,0,1
4030,960,1,1,2.231552548,4,0,1
4030,960,0,0,0,-1,0,1
4030,79,1,1,2.2315421,3,0,1
4030,79,0,0,0,-1,0,1
4030,463,0,1,2.230216909,2,0,1
4030,463,1,0,0,-1,0,1
4030,437,1,1,2.230172589,1,1,1
4030,437,0,0,0,-1,0,1
4032,960,1,1,2.231584978,4,0,1
4032,960,0,0,0,-1,0,1
4032,79,1,1,2.231536214,3,0,1
4032,79,0,0,0,-1,0,1
4032,437,1,1,2.230190196,1,1,1
4032,437,0,0,0,-1,0,1
4032,463,0,1,2.230216161,2,0,1
4032,463,1,0,0,-1,0,1
4034,960,1,1,2.231575844,4,0,1
4034,960,0,0,0,-1,0,1
4034,79,1,1,2.231542196,3,0,1
4034,79,0,0,0,-1,0,1
4034,437,1,1,2.230161286,1,1,1
4034,437,0,0,0,-1,0,1
4034,463,0,1,2.230233076,2,0,1
4034,463,1,0,0,-1,0,1
4036,960,1,1,2.231569325,4,0,1
4036,960,0,0,0,-1,0,1
4036,79,1,1,2.231549149,3,0,1
4036,79,0,0,0,-1,0,1
4036,463,0,1,2.230242167,2,0,1
4036,463,1,0,0,-1,0,1
4036,437,1,1,2.230175316,1,1,1
4036,437,0,0,0,-1,0,1
4038,79,1,1,2.231558021,3,0,1
4038,79,0,0,0,-1,0,1
4038,960,1,1,2.2315521,4,0,1
4038,960,0,0,0,-1,0,1
4038,437,1,1,2.23018833,1,1,1
4038,437,0,0,0,-1,0,1
4038,463,0,1,2.230229518,2,0,1
4038,463,1,0,0,-1,0,1
4040,960,1,1,2.231544053,4,0,1
4040,960,0,0,0,-1,0,1
4040,79,1,1,2.231567864,3,0,1
4040,79,0,0,0,-1,0,1
4040,437,1,1,2.230194713,1,1,1
4040,437,0,0,0,-1,0,1
4040,463,0,1,2.230217918,2,0,1
4040,463,1,0,0,-1,0,1
4042,960,1,1,2.231544831,4,0,1
4042,960,0,0,0,-1,0,1
4042,79,1,1,2.231564915,3,0,1
4042,79,0,0,0,-1,0,1
4042,437,1,1,2.230205717,1,1,1
4042,437,0,0,0,-1,0,1
4042,463,0,1,2.230203276,2,0,1
4042,463,1,0,0,-1,0,1
4044,960,1,1,2.231538503,4,0,1
4044,960,0,0,0,-1,0,1
4044,79,1,1,2.231569197,3,0,1
4044,79,0,0,0,-1,0,1
4044,463,0,1,2.230207419,2,0,1
4044,463,1,0,0,-1,0,1
4044,437,1,1,2.230210685,1,1,1
4044,437,0,0,0,-1,0,1
4045,960,1,1,2.227090335,4,0,1
4045,960,0,0,0,-1,0,1
4045,79,1,1,2.22715486,3,0,1
4045,79,0,0,0,-1,0,1
4045,830,1,1,2.226549174,3,0,1
4045,830,0,0,0,-1,0,1
4045,463,0,1,2.225718783,2,1,1
4045,463,1,0,0,-1,0,1
4047,960,1,1,2.227303178,4,0,1
4047,960,0,0,0,-1,0,1
4047,79,1,1,2.227113631,3,0,1
4047,79,0,0,0,-1,0,1
4047,437,1,1,2.225805138,1,1,1
4047,437,0,0,0,-1,0,1
4047,266,0,1,2.225494003,2,0,1
4047,266,1,0,0,-1,0,1
4049,960,1,1,2.22731449,4,0,1
4049,960,0,0,0,-1,0,1
4049,79,1,1,2.227072529,3,0,1
4049,79,0,0,0,-1,0,1
4049,437,1,1,2.225750573,1,1,1
4049,437,0,0,0,-1,0,1
4049,266,0,1,2.225515545,2,0,1
4049,266,1,0,0,-1,0,1
4051,960,1,1,2.227256749,4,0,1
4051,960,0,0,0,-1,0,1
4051,79,1,1,2.227110664,3,0,1
4051,79,0,0,0,-1,0,1
4051,437,1,1,2.225730576,1,1,1
4051,437,0,0,0,-1,0,1
4051,266,0,1,2.225505654,2,0,1
4051,266,1,0,0,-1,0,1
4053,960,1,1,2.227277031,4,0,1
4053,960,0,0,0,-1,0,1
4053,79,1,1,2.227102982,3,0,1
4053,79,0,0,0,-1,0,1
4053,437,1,1,2.225763651,1,1,1
4053,437,0,0,0,-1,0,1
4053,266,0,1,2.225491059,2,0,1
4053,266,1,0,0,-1,0,1
4055,960,1,1,2.227246612,4,0,1
4055,960,0,0,0,-1,0,1
4055,79,1,1,2.227104937,3,0,1
4055,79,0,0,0,-1,0,1
4055,437,1,1,2.225756614,1,1,1
4055,437,0,0,0,-1,0,1
4055,266,0,1,2.225492949,2,0,1
4055,266,1,0,0,-1,0,1
4057,960,1,1,2.227239865,4,0,1
4057,960,0,0,0,-1,0,1
4057,79,1,1,2.227141413,3,0,1
4057,79,0,0,0,-1,0,1
4057,437,1,1,2.225793318,1,1,1
4057,437,0,0,0,-1,0,1
4057,266,0,1,2.225461495,2,0,1
4057,266,1,0,0,-1,0,1
4059,960,1,1,2.227226596,4,0,1
4059,960,0,0,0,-1,0,1
4059,79,1,1,2.227142106,3,0,1
4059,79,0,0,0,-1,0,1
4059,437,1,1,2.225787141,1,1,1
4059,437,0,0,0,-1,0,1
4059,266,0,1,2.225466426,2,0,1
4059,266,1,0,0,-1,0,1
4061,960,1,1,2.227200977,4,0,1
4061,960,0,0,0,-1,0,1
4061,79,1,1,2.227175637,3,0,1
4061,79,0,0,0,-1,0,1
4061,437,1,1,2.225816297,1,1,1
4061,437,0,0,0,-1,0,1
4061,266,0,1,2.225424623,2,0,1
4061,266,1,0,0,-1,0,1
4063,960,1,1,2.227216428,4,0,1
4063,960,0,0,0,-1,0,1
4063,79,1,1,2.227156306,3,0,1
4063,79,0,0,0,-1,0,1
4063,437,1,1,2.225837701,1,1,1
4063,437,0,0,0,-1,0,1
4063,266,0,1,2.225427341,2,0,1
4063,266,1,0,0,-1,0,1
4064,960,1,1,2.22273541,4,0,1
4064,960,0,0,0,-1,0,1
4064,79,1,1,2.222739089,3,0,1
4064,79,0,0,0,-1,0,1
4064,830,1,1,2.222172444,3,0,1
4064,830,0,0,0,-1,0,1
4064,266,0,1,2.220930792,2,1,1
4064,266,1,0,0,-1,0,1
4066,960,1,1,2.222765829,4,0,1
4066,960,0,0,0,-1,0,1
4066,79,1,1,2.222703784,3,0,1
4066,79,0,0,0,-1,0,1
4066,830,1,1,2.222123151,3,0,1
4066,830,0,0,0,-1,0,1
4066,266,0,1,2.220935614,2,1,1
4066,266,1,0,0,-1,0,1
4068,960,1,1,2.222755692,4,0,1
4068,960,0,0,0,-1,0,1
4068,79,1,1,2.222714443,3,0,1
4068,79,0,0,0,-1,0,1
4068,830,1,1,2.222140961,3,0,1
4068,830,0,0,0,-1,0,1
4068,266,0,1,2.220944904,2,1,1
4068,266,1,0,0,-1,0,1
4070,960,1,1,2.222771033,4,0,1
4070,960,0,0,0,-1,0,1
4070,79,1,1,2.222685131,3,0,1
4070,79,0,0,0,-1,0,1
4070,830,1,1,2.222131716,3,0,1
4070,830,0,0,0,-1,0,1
4070,266,0,1,2.220946993,2,1,1
4070,266,1,0,0,-1,0,1
4072,960,1,1,2.222765869,4,0,1
4072,960,0,0,0,-1,0,1
4072,79,1,1,2.222718975,3,0,1
4072,79,0,0,0,-1,0,1
4072,830,1,1,2.222176973,3,0,1
4072,830,0,0,0,-1,0,1
4072,266,0,1,2.220929698,2,1,1
4072,266,1,0,0,-1,0,1
4074,960,1,1,2.222750114,4,0,1
4074,960,0,0,0,-1,0,1
4074,79,1,1,2.22271546,3,0,1
4074,79,0,0,0,-1,0,1
4074,830,1,1,2.222174831,3,0,1
4074,830,0,0,0,-1,0,1
4074,266,0,1,2.220940854,2,1,1
4074,266,1,0,0,-1,0,1
4076,960,1,1,2.222762587,4,0,1
4076,960,0,0,0,-1,0,1
4076,79,1,1,2.222719537,3,0,1
4076,79,0,0,0,-1,0,1
4076,830,1,1,2.222167544,3,0,1
4076,830,0,0,0,-1,0,1
4076,266,0,1,2.220941373,2,1,1
4076,266,1,0,0,-1,0,1
4078,960,1,1,2.222734135,4,0,1
4078,960,0,0,0,-1,0,1
4078,79,1,1,2.222743208,3,0,1
4078,79,0,0,0,-1,0,1
4078,830,1,1,2.222187627,3,0,1
4078,830,0,0,0,-1,0,1
4078,266,0,1,2.220928579,2,1,1
4078,266,1,0,0,-1,0,1
4080,960,1,1,2.222731961,4,0,1
4080,960,0,0,0,-1,0,1
4080,79,1,1,2.222737297,3,0,1
4080,79,0,0,0,-1,0,1
4080,830,1,1,2.222186644,3,0,1
4080,830,0,0,0,-1,0,1
4080,266,0,1,2.220942738,2,1,1
4080,266,1,0,0,-1,0,1
4082,960,1,1,2.222736445,4,0,1
4082,960,0,0,0,-1,0,1
4082,79,1,1,2.222740334,3,0,1
4082,79,0,0,0,-1,0,1
4082,830,1,1,2.222203178,3,0,1
4082,830,0,0,0,-1,0,1
4082,266,0,1,2.220933577,2,1,1
4082,266,1,0,0,-1,0,1
4083,960,1,1,2.217915827,4,0,1
4083,960,0,0,0,-1,0,1
4083,79,1,1,2.218002014,3,1,1
4083,79,0,0,0,-1,0,1
4083,830,1,1,2.217415247,3,0,1
4083,830,0,0,0,-1,0,1
4083,816,0,1,2.215977719,3,0,1
4083,816,1,0,0,-1,0,1
4085,960,1,1,2.219728158,4,0,1
4085,960,0,0,0,-1,0,1
4085,830,1,1,2.21885098,3,0,1
4085,830,0,0,0,-1,0,1
4085,266,0,1,2.217935727,2,1,1
4085,266,1,0,0,-1,0,1
4085,816,0,1,2.217414065,3,0,1
4085,816,1,0,0,-1,0,1
4087,960,1,1,2.219740439,4,0,1
4087,960,0,0,0,-1,0,1
4087,830,1,1,2.218946181,3,0,1
4087,830,0,0,0,-1,0,1
4087,266,0,1,2.217888064,2,1,1
4087,266,1,0,0,-1,0,1
4087,816,0,1,2.217483824,3,0,1
4087,816,1,0,0,-1,0,1
4089,960,1,1,2.219747304,4,0,1
4089,960,0,0,0,-1,0,1
4089,830,1,1,2.218956102,3,0,1
4089,830,0,0,0,-1,0,1
4089,266,0,1,2.217855584,2,1,1
4089,266,1,0,0,-1,0,1
4089,152,1,1,2.2174822,2,0,1
4089,152,0,0,0,-1,0,1
4091,960,1,1,2.219750294,4,0,1
4091,960,0,0,0,-1,0,1
4091,830,1,1,2.218969798,3,0,1
4091,830,0,0,0,-1,0,1
4091,266,0,1,2.21782555,2,1,1
4091,266,1,0,0,-1,0,1
4091,816,0,1,2.217475933,2,0,1
4091,816,1,0,0,-1,0,1
4093,960,1,1,2.219719999,4,0,1
4093,960,0,0,0,-1,0,1
4093,830,1,1,2.219008561,3,0,1
4093,830,0,0,0,-1,0,1
4093,266,0,1,2.217804555,2,1,1
4093,266,1,0,0,-1,0,1
4093,816,0,1,2.217443669,2,0,1
4093,816,1,0,0,-1,0,1
4095,960,1,1,2.219715331,4,0,1
4095,960,0,0,0,-1,0,1
4095,830,1,1,2.219026329,3,0,1
4095,830,0,0,0,-1,0,1
4095,266,0,1,2.217808196,2,1,1
4095,266,1,0,0,-1,0,1
4095,816,0,1,2.217574087,3,0,1
4095,816,1,0,0,-1,0,1
4097,960,1,1,2.219708427,4,0,1
4097,960,0,0,0,-1,0,1
4097,830,1,1,2.2190575,3,0,1
4097,830,0,0,0,-1,0,1
4097,266,0,1,2.217790971,2,1,1
4097,266,1,0,0,-1,0,1
4097,816,0,1,2.217591568,3,0,1
4097,816,1,0,0,-1,0,1
4099,960,1,1,2.219680558,4,0,1
4099,960,0,0,0,-1,0,1
4099,830,1,1,2.21908648,3,0,1
4099,830,0,0,0,-1,0,1
4099,266,0,1,2.217792281,2,1,1
4099,266,1,0,0,-1,0,1
4099,152,1,1,2.217407524,2,0,1
4099,152,0,0,0,-1,0,1
4101,960,1,1,2.219675971,4,0,1
4101,960,0,0,0,-1,0,1
4101,830,1,1,2.219083896,3,0,1
4101,830,0,0,0,-1,0,1
4101,266,0,1,2.217805212,2,1,1
4101,266,1,0,0,-1,0,1
4101,152,1,1,2.217420139,2,0,1
4101,152,0,0,0,-1,0,1
4102,960,1,1,2.214878296,4,0,1
4102,960,0,0,0,-1,0,1
4102,830,1,1,2.21431152,3,0,1
4102,830,0,0,0,-1,0,1
4102,816,0,1,2.212850706,3,0,1
4102,816,1,0,0,-1,0,1
4102,152,1,1,2.212684894,2,1,1
4102,152,0,0,0,-1,0,1
4104,960,1,1,2.214867561,4,0,1
4104,960,0,0,0,-1,0,1
4104,830,1,1,2.214259943,3,0,1
4104,830,0,0,0,-1,0,1
4104,152,1,1,2.212701841,2,1,1
4104,152,0,0,0,-1,0,1
4104,816,0,1,2.212833022,3,0,1
4104,816,1,0,0,-1,0,1
4106,960,1,1,2.214883938,4,0,1
4106,960,0,0,0,-1,0,1
4106,830,1,1,2.214259159,3,0,1
4106,830,0,0,0,-1,0,1
4106,152,1,1,2.212741555,2,1,1
4106,152,0,0,0,-1,0,1
4106,816,0,1,2.212810424,3,0,1
4106,816,1,0,0,-1,0,1
4108,960,1,1,2.214883994,4,0,1
4108,960,0,0,0,-1,0,1
4108,830,1,1,2.214248339,3,0,1
4108,830,0,0,0,-1,0,1
4108,152,1,1,2.21273495,2,1,1
4108,152,0,0,0,-1,0,1
4108,816,0,1,2.212788863,3,0,1
4108,816,1,0,0,-1,0,1
4110,960,1,1,2.214868866,4,0,1
4110,960,0,0,0,-1,0,1
4110,830,1,1,2.214260175,3,0,1
4110,830,0,0,0,-1,0,1
4110,152,1,1,2.21273997,2,1,1
4110,152,0,0,0,-1,0,1
4110,816,0,1,2.212792364,3,0,1
4110,816,1,0,0,-1,0,1
4112,960,1,1,2.214876149,4,0,1
4112,960,0,0,0,-1,0,1
4112,830,1,1,2.214245873,3,0,1
4112,830,0,0,0,-1,0,1
4112,152,1,1,2.212753465,2,1,1
4112,152,0,0,0,-1,0,1
4112,816,0,1,2.212783691,3,0,1
4112,816,1,0,0,-1,0,1
4114,960,1,1,2.214880059,4,0,1
4114,960,0,0,0,-1,0,1
4114,830,1,1,2.214240919,3,0,1
4114,830,0,0,0,-1,0,1
4114,152,1,1,2.212749155,2,1,1
4114,152,0,0,0,-1,0,1
4114,816,0,1,2.212789674,3,0,1
4114,816,1,0,0,-1,0,1
4116,960,1,1,2.214869487,4,0,1
4116,960,0,0,0,-1,0,1
4116,830,1,1,2.214241392,3,0,1
4116,830,0,0,0,-1,0,1
4116,152,1,1,2.212754718,2,1,1
4116,152,0,0,0,-1,0,1
4116,816,0,1,2.212794548,3,0,1
4116,816,1,0,0,-1,0,1
4118,960,1,1,2.214880472,4,0,1
4118,960,0,0,0,-1,0,1
4118,830,1,1,2.214230668,3,0,1
4118,830,0,0,0,-1,0,1
4118,152,1,1,2.212761052,2,1,1
4118,152,0,0,0,-1,0,1
4118,816,0,1,2.212780316,3,0,1
4118,816,1,0,0,-1,0,1
4120,960,1,1,2.214879879,4,0,1
4120,960,0,0,0,-1,0,1
4120,830,1,1,2.214243299,3,0,1
4120,830,0,0,0,-1,0,1
4120,152,1,1,2.212751246,2,1,1
4120,152,0,0,0,-1,0,1
4120,816,0,1,2.212781334,3,0,1
4120,816,1,0,0,-1,0,1
4121,960,1,1,2.209773041,4,0,1
4121,960,0,0,0,-1,0,1
4121,830,1,1,2.209177176,3,1,1
4121,830,0,0,0,-1,0,1
4121,816,0,1,2.207738944,3,0,1
4121,816,1,0,0,-1,0,1
4121,94,1,1,2.207509236,4,0,1
4121,94,0,0,0,-1,0,1
4123,960,1,1,2.211183202,4,0,1
4123,960,0,0,0,-1,0,1
4123,152,1,1,2.209114554,2,1,1
4123,152,0,0,0,-1,0,1
4123,816,0,1,2.208985305,3,0,1
4123,816,1,0,0,-1,0,1
4123,94,1,1,2.208898242,4,0,1
4123,94,0,0,0,-1,0,1
4125,960,1,1,2.211212939,4,0,1
4125,960,0,0,0,-1,0,1
4125,152,1,1,2.209129176,2,1,1
4125,152,0,0,0,-1,0,1
4125,816,0,1,2.209020328,3,0,1
4125,816,1,0,0,-1,0,1
4125,94,1,1,2.208930701,4,0,1
4125,94,0,0,0,-1,0,1
4127,960,1,1,2.211245372,4,0,1
4127,960,0,0,0,-1,0,1
4127,152,1,1,2.209115882,2,1,1
4127,152,0,0,0,-1,0,1
4127,816,0,1,2.208988427,3,0,1
4127,816,1,0,0,-1,0,1
4127,94,1,1,2.208973558,4,0,1
4127,94,0,0,0,-1,0,1
4129,960,1,1,2.211228838,4,0,1
4129,960,0,0,0,-1,0,1
4129,152,1,1,2.209087794,2,1,1
4129,152,0,0,0,-1,0,1
4129,816,0,1,2.209025323,3,0,1
4129,816,1,0,0,-1,0,1
4129,94,1,1,2.208967002,4,0,1
4129,94,0,0,0,-1,0,1
4131,960,1,1,2.211221437,4,0,1
4131,960,0,0,0,-1,0,1
4131,152,1,1,2.209101028,2,1,1
4131,152,0,0,0,-1,0,1
4131,816,0,1,2.209031938,3,0,1
4131,816,1,0,0,-1,0,1
4131,94,1,1,2.208955842,4,0,1
4131,94,0,0,0,-1,0,1
4133,960,1,1,2.211242238,4,0,1
4133,960,0,0,0,-1,0,1
4133,152,1,1,2.209090621,2,1,1
4133,152,0,0,0,-1,0,1
4133,816,0,1,2.209020617,3,0,1
4133,816,1,0,0,-1,0,1
4133,94,1,1,2.208975588,4,0,1
4133,94,0,0,0,-1,0,1
4135,960,1,1,2.211232117,4,0,1
4135,960,0,0,0,-1,0,1
4135,152,1,1,2.209066118,2,1,1
4135,152,0,0,0,-1,0,1
4135,816,0,1,2.209037676,3,0,1
4135,816,1,0,0,-1,0,1
4135,94,1,1,2.208966107,4,0,1
4135,94,0,0,0,-1,0,1
4137,960,1,1,2.211227469,4,0,1
4137,960,0,0,0,-1,0,1
4137,152,1,1,2.209075839,2,1,1
4137,152,0,0,0,-1,0,1
4137,816,0,1,2.209031286,3,0,1
4137,816,1,0,0,-1,0,1
4137,94,1,1,2.20896445,4,0,1
4137,94,0,0,0,-1,0,1
4139,960,1,1,2.211238048,4,0,1
4139,960,0,0,0,-1,0,1
4139,152,1,1,2.209066595,2,1,1
4139,152,0,0,0,-1,0,1
4139,816,0,1,2.209041314,3,0,1
4139,816,1,0,0,-1,0,1
4139,94,1,1,2.208979116,4,0,1
4139,94,0,0,0,-1,0,1
4140,960,1,1,2.206136191,4,0,1
4140,960,0,0,0,-1,0,1
4140,816,0,1,2.204023572,3,0,1
4140,816,1,0,0,-1,0,1
4140,94,1,1,2.203876749,4,0,1
4140,94,0,0,0,-1,0,1
4140,740,0,1,2.203813422,1,1,1
4140,740,1,0,0,-1,0,1
4142,960,1,1,2.206109861,4,0,1
4142,960,0,0,0,-1,0,1
4142,816,0,1,2.203973272,3,0,1
4142,816,1,0,0,-1,0,1
4142,94,1,1,2.203847844,4,0,1
4142,94,0,0,0,-1,0,1
4142,740,0,1,2.203814124,1,1,1
4142,740,1,0,0,-1,0,1
4144,960,1,1,2.206134521,4,0,1
4144,960,0,0,0,-1,0,1
4144,816,0,1,2.203993653,3,1,1
4144,816,1,0,0,-1,0,1
4144,94,1,1,2.203875177,4,0,1
4144,94,0,0,0,-1,0,1
4144,409,1,1,2.203824993,3,0,1
4144,409,0,0,0,-1,0,1
4146,956,1,1,2.207331738,0,1,1
4146,956,0,0,0,-1,0,1
4146,960,1,1,2.206030028,4,0,1
4146,960,0,0,0,-1,0,1
4146,152,1,1,2.203983038,2,0,1
4146,152,0,0,0,-1,0,1
4146,740,0,1,2.203733003,2,0,1
4146,740,1,0,0,-1,0,1
4148,960,1,1,2.204393293,4,0,1
4148,960,0,0,0,-1,0,1
4148,152,1,1,2.202310378,2,0,1
4148,152,0,0,0,-1,0,1
4148,94,1,1,2.202100893,4,0,1
4148,94,0,0,0,-1,0,1
4148,740,0,1,2.202086531,1,1,1
4148,740,1,0,0,-1,0,1
4150,960,1,1,2.204371297,4,0,1
4150,960,0,0,0,-1,0,1
4150,152,1,1,2.202330334,2,0,1
4150,152,0,0,0,-1,0,1
4150,94,1,1,2.202079388,4,0,1
4150,94,0,0,0,-1,0,1
4150,740,0,1,2.202089537,1,1,1
4150,740,1,0,0,-1,0,1
4152,960,1,1,2.204376382,4,0,1
4152,960,0,0,0,-1,0,1
4152,152,1,1,2.20228753,2,0,1
4152,152,0,0,0,-1,0,1
4152,94,1,1,2.202088351,4,0,1
4152,94,0,0,0,-1,0,1
4152,643,0,1,2.202012205,1,1,1
4152,643,1,0,0,-1,0,1
4154,960,1,1,2.204406818,4,0,1
4154,960,0,0,0,-1,0,1
4154,152,1,1,2.202288738,2,0,1
4154,152,0,0,0,-1,0,1
4154,643,0,1,2.202073592,1,1,1
4154,643,1,0,0,-1,0,1
4154,94,1,1,2.202168786,4,0,1
4154,94,0,0,0,-1,0,1
4156,960,1,1,2.204454097,4,0,1
4156,960,0,0,0,-1,0,1
4156,152,1,1,2.20230639,2,0,1
4156,152,0,0,0,-1,0,1
4156,740,0,1,2.202117936,1,1,1
4156,740,1,0,0,-1,0,1
4156,94,1,1,2.202185029,4,0,1
4156,94,0,0,0,-1,0,1
4158,960,1,1,2.204402659,4,0,1
4158,960,0,0,0,-1,0,1
4158,152,1,1,2.202361333,2,0,1
4158,152,0,0,0,-1,0,1
4158,94,1,1,2.202087739,4,0,1
4158,94,0,0,0,-1,0,1
4158,740,0,1,2.201968122,1,1,1
4158,740,1,0,0,-1,0,1
4159,960,1,1,2.199067366,4,0,1
4159,960,0,0,0,-1,0,1
4159,152,1,1,2.197062024,2,1,1
4159,152,0,0,0,-1,0,1
4159,94,1,1,2.196783644,4,0,1
4159,94,0,0,0,-1,0,1
4159,10,1,1,2.196818866,3,0,1
4159,10,0,0,0,-1,0,1
4161,960,1,1,2.199369303,4,0,1
4161,960,0,0,0,-1,0,1
4161,409,1,1,2.197161714,3,0,1
4161,409,0,0,0,-1,0,1
4161,94,1,1,2.197121384,4,0,1
4161,94,0,0,0,-1,0,1
4161,643,0,1,2.197037152,1,1,1
4161,643,1,0,0,-1,0,1
4163,960,1,1,2.199301883,4,0,1
4163,960,0,0,0,-1,0,1
4163,409,1,1,2.197270797,3,0,1
4163,409,0,0,0,-1,0,1
4163,643,0,1,2.197021735,1,0,1
4163,643,1,0,0,-1,0,1
4163,869,0,1,2.197048375,1,1,1
4163,869,1,0,0,-1,0,1
4165,960,1,1,2.199435125,4,0,1
4165,960,0,0,0,-1,0,1
4165,409,1,1,2.197149136,3,0,1
4165,409,0,0,0,-1,0,1
4165,740,0,1,2.197122645,1,1,1
4165,740,1,0,0,-1,0,1
4165,94,1,1,2.197158994,4,0,1
4165,94,0,0,0,-1,0,1
4167,960,1,1,2.199283951,4,0,1
4167,960,0,0,0,-1,0,1
4167,409,1,1,2.197190474,3,0,1
4167,409,0,0,0,-1,0,1
4167,870,1,1,2.197047657,3,0,1
4167,870,0,0,0,-1,0,1
4167,740,0,1,2.196964945,1,1,1
4167,740,1,0,0,-1,0,1
4169,960,1,1,2.199378685,4,0,1
4169,960,0,0,0,-1,0,1
4169,409,1,1,2.197262108,3,0,1
4169,409,0,0,0,-1,0,1
4169,94,1,1,2.197105009,4,0,1
4169,94,0,0,0,-1,0,1
4169,740,0,1,2.197163062,1,1,1
4169,740,1,0,0,-1,0,1
4171,960,1,1,2.199382175,4,0,1
4171,960,0,0,0,-1,0,1
4171,409,1,1,2.197206129,3,0,1
4171,409,0,0,0,-1,0,1
4171,643,0,1,2.197121403,1,0,1
4171,643,1,0,0,-1,0,1
4171,740,0,1,2.197163748,1,1,1
4171,740,1,0,0,-1,0,1
4173,960,1,1,2.199358754,4,0,1
4173,960,0,0,0,-1,0,1
4173,409,1,1,2.197127652,3,0,1
4173,409,0,0,0,-1,0,1
4173,94,1,1,2.19707303,4,0,1
4173,94,0,0,0,-1,0,1
4173,740,0,1,2.196987181,1,1,1
4173,740,1,0,0,-1,0,1
4175,960,1,1,2.199278978,4,0,1
4175,960,0,0,0,-1,0,1
4175,409,1,1,2.197310249,3,0,1
4175,409,0,0,0,-1,0,1
4175,94,1,1,2.197021746,4,0,1
4175,94,0,0,0,-1,0,1
4175,740,0,1,2.197098762,1,1,1
4175,740,1,0,0,-1,0,1
4177,960,1,1,2.199437143,4,0,1
4177,960,0,0,0,-1,0,1
4177,409,1,1,2.197113746,3,0,1
4177,409,0,0,0,-1,0,1
4177,869,0,1,2.197038402,1,0,1
4177,869,1,0,0,-1,0,1
4177,740,0,1,2.197060572,1,1,1
4177,740,1,0,0,-1,0,1
4178,960,1,1,2.194061216,4,0,1
4178,960,0,0,0,-1,0,1
4178,409,1,1,2.19193916,3,0,1
4178,409,0,0,0,-1,0,1
4178,94,1,1,2.191780824,4,0,1
4178,94,0,0,0,-1,0,1
4178,643,0,1,2.191774558,1,1,1
4178,643,1,0,0,-1,0,1
4180,960,1,1,2.194063894,4,0,1
4180,960,0,0,0,-1,0,1
4180,409,1,1,2.192033323,3,0,1
4180,409,0,0,0,-1,0,1
4180,94,1,1,2.191785733,4,0,1
4180,94,0,0,0,-1,0,1
4180,643,0,1,2.191917321,1,1,1
4180,643,1,0,0,-1,0,1
4182,960,1,1,2.194048716,4,0,1
4182,960,0,0,0,-1,0,1
4182,409,1,1,2.192057861,3,0,1
4182,409,0,0,0,-1,0,1
4182,869,0,1,2.192015914,1,1,1
4182,869,1,0,0,-1,0,1
4182,10,1,1,2.191841575,3,0,1
4182,10,0,0,0,-1,0,1
4184,960,1,1,2.194099263,4,0,1
4184,960,0,0,0,-1,0,1
4184,409,1,1,2.191996147,3,0,1
4184,409,0,0,0,-1,0,1
4184,643,0,1,2.191980959,1,1,1
4184,643,1,0,0,-1,0,1
4184,740,0,1,2.191891949,1,0,1
4184,740,1,0,0,-1,0,1
4186,960,1,1,2.194111856,4,0,1
4186,960,0,0,0,-1,0,1
4186,409,1,1,2.191982275,3,0,1
4186,409,0,0,0,-1,0,1
4186,740,0,1,2.19193645,1,0,1
4186,740,1,0,0,-1,0,1
4186,643,0,1,2.192048693,1,1,1
4186,643,1,0,0,-1,0,1
4188,960,1,1,2.194148178,4,0,1
4188,960,0,0,0,-1,0,1
4188,409,1,1,2.191917567,3,0,1
4188,409,0,0,0,-1,0,1
4188,643,0,1,2.191880687,1,1,1
4188,643,1,0,0,-1,0,1
4188,612,0,1,2.191920025,2,0,1
4188,612,1,0,0,-1,0,1
4190,960,1,1,2.194109168,4,0,1
4190,960,0,0,0,-1,0,1
4190,409,1,1,2.191949975,3,0,1
4190,409,0,0,0,-1,0,1
4190,643,0,1,2.191852698,1,1,1
4190,643,1,0,0,-1,0,1
4190,740,0,1,2.19194611,2,0,1
4190,740,1,0,0,-1,0,1
4192,960,1,1,2.194186989,4,0,1
4192,960,0,0,0,-1,0,1
4192,409,1,1,2.191905377,3,0,1
4192,409,0,0,0,-1,0,1
4192,643,0,1,2.19189235,1,1,1
4192,643,1,0,0,-1,0,1
4192,740,0,1,2.191858519,1,0,1
4192,740,1,0,0,-1,0,1
4194,960,1,1,2.194135203,4,0,1
4194,960,0,0,0,-1,0,1
4194,409,1,1,2.191895194,3,0,1
4194,409,0,0,0,-1,0,1
4194,643,0,1,2.191819824,1,1,1
4194,643,1,0,0,-1,0,1
4194,740,0,1,2.191760899,1,0,1
4194,740,1,0,0,-1,0,1
4196,960,1,1,2.194129378,4,0,1
4196,960,0,0,0,-1,0,1
4196,409,1,1,2.191933986,3,0,1
4196,409,0,0,0,-1,0,1
4196,740,0,1,2.191808009,1,0,1
4196,740,1,0,0,-1,0,1
4196,643,0,1,2.191845305,1,1,1
4196,643,1,0,0,-1,0,1
4197,960,1,1,2.188986044,4,0,1
4197,960,0,0,0,-1,0,1
4197,409,1,1,2.186820825,3,0,1
4197,409,0,0,0,-1,0,1
4197,740,0,1,2.186857277,2,1,1
4197,740,1,0,0,-1,0,1
4197,10,1,1,2.186619555,3,0,1
4197,10,0,0,0,-1,0,1
4199,960,1,1,2.188901487,4,0,1
4199,960,0,0,0,-1,0,1
4199,409,1,1,2.186851888,3,0,1
4199,409,0,0,0,-1,0,1
4199,643,0,1,2.186764371,1,1,1
4199,643,1,0,0,-1,0,1
4199,184,0,1,2.186611535,2,0,1
4199,184,1,0,0,-1,0,1
4201,960,1,1,2.188907445,4,0,1
4201,960,0,0,0,-1,0,1
4201,409,1,1,2.186951295,3,0,1
4201,409,0,0,0,-1,0,1
4201,643,0,1,2.186813661,1,1,1
4201,643,1,0,0,-1,0,1
4201,10,1,1,2.186815783,3,0,1
4201,10,0,0,0,-1,0,1
4203,960,1,1,2.189065268,4,0,1
4203,960,0,0,0,-1,0,1
4203,409,1,1,2.186906692,3,0,1
4203,409,0,0,0,-1,0,1
4203,10,1,1,2.186694964,3,0,1
4203,10,0,0,0,-1,0,1
4203,740,0,1,2.186742964,1,1,1
4203,740,1,0,0,-1,0,1
4205,960,1,1,2.188911586,4,0,1
4205,960,0,0,0,-1,0,1
4205,409,1,1,2.186936608,3,0,1
4205,409,0,0,0,-1,0,1
4205,740,0,1,2.18667817,1,1,1
4205,740,1,0,0,-1,0,1
4205,612,0,1,2.186840268,2,0,1
4205,612,1,0,0,-1,0,1
4207,960,1,1,2.188946092,4,0,1
4207,960,0,0,0,-1,0,1
4207,409,1,1,2.186970151,3,0,1
4207,409,0,0,0,-1,0,1
4207,612,0,1,2.186659739,2,0,1
4207,612,1,0,0,-1,0,1
4207,740,0,1,2.186806468,1,1,1
4207,740,1,0,0,-1,0,1
4209,960,1,1,2.18893808,4,0,1
4209,960,0,0,0,-1,0,1
4209,409,1,1,2.18691361,3,0,1
4209,409,0,0,0,-1,0,1
4209,612,0,1,2.186728154,2,1,1
4209,612,1,0,0,-1,0,1
4209,10,1,1,2.186683231,3,0,1
4209,10,0,0,0,-1,0,1
4211,960,1,1,2.188946285,4,0,1
4211,960,0,0,0,-1,0,1
4211,409,1,1,2.186920516,3,0,1
4211,409,0,0,0,-1,0,1
4211,740,0,1,2.186774162,2,1,1
4211,740,1,0,0,-1,0,1
4211,10,1,1,2.186701971,3,0,1
4211,10,0,0,0,-1,0,1
4213,960,1,1,2.188860754,4,0,1
4213,960,0,0,0,-1,0,1
4213,409,1,1,2.187012077,3,0,1
4213,409,0,0,0,-1,0,1
4213,10,1,1,2.186791434,3,0,1
4213,10,0,0,0,-1,0,1
4213,740,0,1,2.186790963,2,1,1
4213,740,1,0,0,-1,0,1
4215,960,1,1,2.188941212,4,0,1
4215,960,0,0,0,-1,0,1
4215,409,1,1,2.186858668,3,0,1
4215,409,0,0,0,-1,0,1
4215,740,0,1,2.186770404,1,1,1
4215,740,1,0,0,-1,0,1
4215,10,1,1,2.186683925,3,0,1
4215,10,0,0,0,-1,0,1
4216,960,1,1,2.1837639,4,0,1
4216,960,0,0,0,-1,0,1
4216,409,1,1,2.181879526,3,0,1
4216,409,0,0,0,-1,0,1
4216,10,1,1,2.18169977,3,0,1
4216,10,0,0,0,-1,0,1
4216,895,0,1,2.181508551,2,1,1
4216,895,1,0,0,-1,0,1
4218,960,1,1,2.183865176,4,0,1
4218,960,0,0,0,-1,0,1
4218,409,1,1,2.181779779,3,0,1
4218,409,0,0,0,-1,0,1
4218,10,1,1,2.18162866,3,0,1
4218,10,0,0,0,-1,0,1
4218,612,0,1,2.181681748,1,1,1
4218,612,1,0,0,-1,0,1
4220,960,1,1,2.183728968,4,0,1
4220,960,0,0,0,-1,0,1
4220,409,1,1,2.181810748,3,0,1
4220,409,0,0,0,-1,0,1
4220,10,1,1,2.181673277,3,0,1
4220,10,0,0,0,-1,0,1
4220,895,0,1,2.181618755,2,1,1
4220,895,1,0,0,-1,0,1
4222,960,1,1,2.183784653,4,0,1
4222,960,0,0,0,-1,0,1
4222,409,1,1,2.181916317,3,0,1
4222,409,0,0,0,-1,0,1
4222,10,1,1,2.181726381,3,0,1
4222,10,0,0,0,-1,0,1
4222,184,0,1,2.181561416,2,1,1
4222,184,1,0,0,-1,0,1
4224,960,1,1,2.183781277,4,0,1
4224,960,0,0,0,-1,0,1
4224,409,1,1,2.181843102,3,0,1
4224,409,0,0,0,-1,0,1
4224,10,1,1,2.181666158,3,0,1
4224,10,0,0,0,-1,0,1
4224,492,1,1,2.181718467,1,1,1
4224,492,0,0,0,-1,0,1
4226,960,1,1,2.183829278,4,0,1
4226,960,0,0,0,-1,0,1
4226,409,1,1,2.181772119,3,0,1
4226,409,0,0,0,-1,0,1
4226,10,1,1,2.181648431,3,0,1
4226,10,0,0,0,-1,0,1
4226,492,1,1,2.181541744,1,1,1
4226,492,0,0,0,-1,0,1
4228,960,1,1,2.183753212,4,0,1
4228,960,0,0,0,-1,0,1
4228,409,1,1,2.181841739,3,0,1
4228,409,0,0,0,-1,0,1
4228,10,1,1,2.181664771,3,0,1
4228,10,0,0,0,-1,0,1
4228,492,1,1,2.181574711,1,1,1
4228,492,0,0,0,-1,0,1
4230,960,1,1,2.183770018,4,0,1
4230,960,0,0,0,-1,0,1
4230,409,1,1,2.181853978,3,0,1
4230,409,0,0,0,-1,0,1
4230,10,1,1,2.181687368,3,0,1
4230,10,0,0,0,-1,0,1
4230,184,0,1,2.181512045,2,1,1
4230,184,1,0,0,-1,0,1
4232,960,1,1,2.183769855,4,0,1
4232,960,0,0,0,-1,0,1
4232,409,1,1,2.181868376,3,0,1
4232,409,0,0,0,-1,0,1
4232,10,1,1,2.181695259,3,0,1
4232,10,0,0,0,-1,0,1
4232,895,0,1,2.181584613,2,1,1
4232,895,1,0,0,-1,0,1
4234,960,1,1,2.183778805,4,0,1
4234,960,0,0,0,-1,0,1
4234,409,1,1,2.181793435,3,0,1
4234,409,0,0,0,-1,0,1
4234,10,1,1,2.181660439,3,0,1
4234,10,0,0,0,-1,0,1
4234,184,0,1,2.18161003,2,1,1
4234,184,1,0,0,-1,0,1
4235,960,1,1,2.178532475,4,0,1
4235,960,0,0,0,-1,0,1
4235,409,1,1,2.176703232,3,0,1
4235,409,0,0,0,-1,0,1
4235,10,1,1,2.176460313,3,0,1
4235,10,0,0,0,-1,0,1
4235,612,0,1,2.176504397,2,1,1
4235,612,1,0,0,-1,0,1
4237,960,1,1,2.17853453,4,0,1
4237,960,0,0,0,-1,0,1
4237,409,1,1,2.176676918,3,0,1
4237,409,0,0,0,-1,0,1
4237,10,1,1,2.17650915,3,0,1
4237,10,0,0,0,-1,0,1
4237,612,0,1,2.176507516,2,1,1
4237,612,1,0,0,-1,0,1
4239,960,1,1,2.178602188,4,0,1
4239,960,0,0,0,-1,0,1
4239,409,1,1,2.176612275,3,0,1
4239,409,0,0,0,-1,0,1
4239,10,1,1,2.176525668,3,0,1
4239,10,0,0,0,-1,0,1
4239,895,0,1,2.176352825,2,1,1
4239,895,1,0,0,-1,0,1
4241,960,1,1,2.178614674,4,0,1
4241,960,0,0,0,-1,0,1
4241,409,1,1,2.176629977,3,0,1
4241,409,0,0,0,-1,0,1
4241,10,1,1,2.176532125,3,0,1
4241,10,0,0,0,-1,0,1
4241,184,0,1,2.176478437,2,1,1
4241,184,1,0,0,-1,0,1
4243,960,1,1,2.178302316,4,0,1
4243,960,0,0,0,-1,0,1
4243,869,0,1,2.176446819,1,1,1
4243,869,1,0,0,-1,0,1
4243,409,1,1,2.176212947,3,0,1
4243,409,0,0,0,-1,0,1
4243,10,1,1,2.176139993,3,0,1
4243,10,0,0,0,-1,0,1
4245,960,1,1,2.178479042,4,0,1
4245,960,0,0,0,-1,0,1
4245,409,1,1,2.176419168,3,0,1
4245,409,0,0,0,-1,0,1
4245,10,1,1,2.176386354,3,0,1
4245,10,0,0,0,-1,0,1
4245,643,0,1,2.176492557,1,1,1
4245,643,1,0,0,-1,0,1
4247,960,1,1,2.178576969,4,0,1
4247,960,0,0,0,-1,0,1
4247,409,1,1,2.176641035,3,0,1
4247,409,0,0,0,-1,0,1
4247,10,1,1,2.176575976,3,0,1
4247,10,0,0,0,-1,0,1
4247,895,0,1,2.176349984,2,1,1
4247,895,1,0,0,-1,0,1
4249,960,1,1,2.178661577,4,0,1
4249,960,0,0,0,-1,0,1
4249,409,1,1,2.176612379,3,0,1
4249,409,0,0,0,-1,0,1
4249,10,1,1,2.176522145,3,0,1
4249,10,0,0,0,-1,0,1
4249,184,0,1,2.176441259,2,1,1
4249,184,1,0,0,-1,0,1
4251,960,1,1,2.178627911,4,0,1
4251,960,0,0,0,-1,0,1
4251,409,1,1,2.176615538,3,0,1
4251,409,0,0,0,-1,0,1
4251,10,1,1,2.176537094,3,0,1
4251,10,0,0,0,-1,0,1
4251,895,0,1,2.176415888,2,1,1
4251,895,1,0,0,-1,0,1
4253,960,1,1,2.178616381,4,0,1
4253,960,0,0,0,-1,0,1
4253,409,1,1,2.17655453,3,0,1
4253,409,0,0,0,-1,0,1
4253,10,1,1,2.176517346,3,0,1
4253,10,0,0,0,-1,0,1
4253,184,0,1,2.176478454,2,1,1
4253,184,1,0,0,-1,0,1
4254,960,1,1,2.173460648,4,0,1
4254,960,0,0,0,-1,0,1
4254,409,1,1,2.171510612,3,0,1
4254,409,0,0,0,-1,0,1
4254,10,1,1,2.171358236,3,0,1
4254,10,0,0,0,-1,0,1
4254,895,0,1,2.17131132,2,1,1
4254,895,1,0,0,-1,0,1
4256,960,1,1,2.173503721,4,0,1
4256,960,0,0,0,-1,0,1
4256,409,1,1,2.171452955,3,0,1
4256,409,0,0,0,-1,0,1
4256,10,1,1,2.171376831,3,0,1
4256,10,0,0,0,-1,0,1
4256,981,0,1,2.171306382,1,1,1
4256,981,1,0,0,-1,0,1
4258,960,1,1,2.173440645,4,0,1
4258,960,0,0,0,-1,0,1
4258,409,1,1,2.171392035,3,0,1
4258,409,0,0,0,-1,0,1
4258,895,0,1,2.171349827,2,1,1
4258,895,1,0,0,-1,0,1
4258,10,1,1,2.171331522,3,0,1
4258,10,0,0,0,-1,0,1
4260,960,1,1,2.173450267,4,0,1
4260,960,0,0,0,-1,0,1
4260,409,1,1,2.171499872,3,0,1
4260,409,0,0,0,-1,0,1
4260,10,1,1,2.171418738,3,0,1
4260,10,0,0,0,-1,0,1
4260,492,1,1,2.171444411,1,1,1
4260,492,0,0,0,-1,0,1
4262,960,1,1,2.173522884,4,0,1
4262,960,0,0,0,-1,0,1
4262,10,1,1,2.171807018,3,0,1
4262,10,0,0,0,-1,0,1
4262,409,1,1,2.171754973,3,0,1
4262,409,0,0,0,-1,0,1
4262,184,0,1,2.171402934,2,1,1
4262,184,1,0,0,-1,0,1
4264,960,1,1,2.173584992,4,0,1
4264,960,0,0,0,-1,0,1
4264,10,1,1,2.171806077,3,1,1
4264,10,0,0,0,-1,0,1
4264,409,1,1,2.171737952,3,0,1
4264,409,0,0,0,-1,0,1
4264,814,0,1,2.171354268,3,0,1
4264,814,1,1,0.6266670078,290,0,1
4266,960,1,1,2.173926687,4,0,1
4266,960,0,0,0,-1,0,1
4266,409,1,1,2.171983642,3,0,1
4266,409,0,0,0,-1,0,1
4266,740,0,1,2.171804258,1,1,1
4266,740,1,0,0,-1,0,1
4266,938,1,1,2.171805746,2,0,1
4266,938,0,0,0,-1,0,1
4268,960,1,1,2.173931041,4,0,1
4268,960,0,0,0,-1,0,1
4268,409,1,1,2.171970898,3,0,1
4268,409,0,0,0,-1,0,1
4268,938,1,1,2.171714356,2,0,1
4268,938,0,0,0,-1,0,1
4268,643,0,1,2.171744653,1,1,1
4268,643,1,0,0,-1,0,1
4270,960,1,1,2.173957808,4,0,1
4270,960,0,0,0,-1,0,1
4270,409,1,1,2.172065291,3,0,1
4270,409,0,0,0,-1,0,1
4270,938,1,1,2.171761476,2,0,1
4270,938,0,0,0,-1,0,1
4270,643,0,1,2.171956028,1,1,1
4270,643,1,0,0,-1,0,1
4272,960,1,1,2.173654345,4,0,1
4272,960,0,0,0,-1,0,1
4272,152,1,1,2.17188113,1,1,1
4272,152,0,0,0,-1,0,1
4272,938,1,1,2.171553753,2,0,1
4272,938,0,0,0,-1,0,1
4272,184,0,1,2.171367918,2,0,1
4272,184,1,0,0,-1,0,1
4273,960,1,1,2.168906881,4,0,1
4273,960,0,0,0,-1,0,1
4273,409,1,1,2.167107369,3,0,1
4273,409,0,0,0,-1,0,1
4273,938,1,1,2.166740964,2,1,1
4273,938,0,0,0,-1,0,1
4273,184,0,1,2.166552804,2,0,1
4273,184,1,0,0,-1,0,1
4275,960,1,1,2.168876322,4,0,1
4275,960,0,0,0,-1,0,1
4275,409,1,1,2.16706912,3,0,1
4275,409,0,0,0,-1,0,1
4275,895,0,1,2.166800262,2,1,1
4275,895,1,0,0,-1,0,1
4275,814,0,1,2.166635818,3,0,1
4275,814,1,1,0.6315468882,135,0,1
4277,960,1,1,2.168938892,4,0,1
4277,960,0,0,0,-1,0,1
4277,409,1,1,2.166910722,3,0,1
4277,409,0,0,0,-1,0,1
4277,895,0,1,2.166880898,2,1,1
4277,895,1,0,0,-1,0,1
4277,612,0,1,2.166785403,2,0,1
4277,612,1,0,0,-1,0,1
4279,960,1,1,2.168956327,4,0,1
4279,960,0,0,0,-1,0,1
4279,409,1,1,2.166897338,3,0,1
4279,409,0,0,0,-1,0,1
4279,643,0,1,2.166854829,1,1,1
4279,643,1,0,0,-1,0,1
4279,814,0,1,2.16664744,3,0,1
4279,814,1,1,0.6210212251,228,0,1
4281,960,1,1,2.168939211,4,0,1
4281,960,0,0,0,-1,0,1
4281,409,1,1,2.167079192,3,0,1
4281,409,0,0,0,-1,0,1
4281,740,0,1,2.166773311,1,1,1
4281,740,1,0,0,-1,0,1
4281,94,1,1,2.166707393,4,0,1
4281,94,0,0,0,-1,0,1
4283,960,1,1,2.168968421,4,0,1
4283,960,0,0,0,-1,0,1
4283,409,1,1,2.167068788,3,0,1
4283,409,0,0,0,-1,0,1
4283,740,0,1,2.166866223,1,0,1
4283,740,1,0,0,-1,0,1
4283,981,0,1,2.166710617,0,1,1
4283,981,1,0,0,-1,0,1
4285,960,1,1,2.168890569,4,0,1
4285,960,0,0,0,-1,0,1
4285,409,1,1,2.167032534,3,0,1
4285,409,0,0,0,-1,0,1
4285,740,0,1,2.166858514,1,1,1
4285,740,1,0,0,-1,0,1
4285,612,0,1,2.166727991,1,0,1
4285,612,1,0,0,-1,0,1
4287,960,1,1,2.168635853,4,0,1
4287,960,0,0,0,-1,0,1
4287,492,1,1,2.166828157,1,1,1
4287,492,0,0,0,-1,0,1
4287,409,1,1,2.166744856,3,0,1
4287,409,0,0,0,-1,0,1
4287,814,0,1,2.166367802,3,0,1
4287,814,1,1,0.6339489554,149,0,1
4289,960,1,1,2.168983136,4,0,1
4289,960,0,0,0,-1,0,1
4289,409,1,1,2.167023248,3,0,1
4289,409,0,0,0,-1,0,1
4289,938,1,1,2.16686431,2,1,1
4289,938,0,0,0,-1,0,1
4289,612,0,1,2.16680983,2,0,1
4289,612,1,0,0,-1,0,1
4291,960,1,1,2.168945535,4,0,1
4291,960,0,0,0,-1,0,1
4291,409,1,1,2.167064985,3,0,1
4291,409,0,0,0,-1,0,1
4291,938,1,1,2.166788365,2,1,1
4291,938,0,0,0,-1,0,1
4291,814,0,1,2.166684655,4,0,1
4291,814,1,1,0.6175789918,308,0,1
4292,960,1,1,2.163902793,4,0,1
4292,960,0,0,0,-1,0,1
4292,409,1,1,2.162143155,3,0,1
4292,409,0,0,0,-1,0,1
4292,814,0,1,2.16178026,3,0,1
4292,814,1,1,0.6114735021,275,0,1
4292,981,0,1,2.161793065,1,1,1
4292,981,1,0,0,-1,0,1
4294,960,1,1,2.164015198,4,0,1
4294,960,0,0,0,-1,0,1
4294,409,1,1,2.162044632,3,0,1
4294,409,0,0,0,-1,0,1
4294,814,0,1,2.161695859,3,0,1
4294,814,1,1,0.6123119642,298,0,1
4294,612,0,1,2.161867847,2,1,1
4294,612,1,0,0,-1,0,1
4296,960,1,1,2.163985717,4,0,1
4296,960,0,0,0,-1,0,1
4296,409,1,1,2.162174296,3,0,1
4296,409,0,0,0,-1,0,1
4296,612,0,1,2.161731151,2,0,1
4296,612,1,0,0,-1,0,1
4296,981,0,1,2.161887438,1,1,1
4296,981,1,0,0,-1,0,1
4298,960,1,1,2.163971455,4,0,1
4298,960,0,0,0,-1,0,1
4298,409,1,1,2.162076581,3,0,1
4298,409,0,0,0,-1,0,1
4298,814,0,1,2.161697333,3,0,1
4298,814,1,1,0.6120980793,303,0,1
4298,184,0,1,2.161778076,2,1,1
4298,184,1,0,0,-1,0,1
4300,960,1,1,2.163917279,4,0,1
4300,960,0,0,0,-1,0,1
4300,409,1,1,2.162209554,3,1,1
4300,409,0,0,0,-1,0,1
4300,814,0,1,2.161803389,3,0,1
4300,814,1,1,0.614733232,276,0,1
4300,94,1,1,2.161681693,4,0,1
4300,94,0,0,0,-1,0,1
4302,655,0,1,2.164581789,2,0,1
4302,655,1,0,0,-1,0,1
4302,960,1,1,2.164269812,4,0,1
4302,960,0,0,0,-1,0,1
4302,740,0,1,2.162033059,2,0,1
4302,740,1,0,0,-1,0,1
4302,981,0,1,2.162140136,1,1,1
4302,981,1,0,0,-1,0,1
4304,655,0,1,2.164659339,2,0,1
4304,655,1,0,0,-1,0,1
4304,960,1,1,2.164143411,4,0,1
4304,960,0,0,0,-1,0,1
4304,981,0,1,2.161946574,1,1,1
4304,981,1,0,0,-1,0,1
4304,814,0,1,2.16195015,4,0,1
4304,814,1,1,0.6015468781,309,0,1
4306,655,0,1,2.164634225,2,1,1
4306,655,1,0,0,-1,0,1
4306,960,1,1,2.164091327,4,0,1
4306,960,0,0,0,-1,0,1
4306,938,1,1,2.162060183,2,0,1
4306,938,0,0,0,-1,0,1
4306,870,1,1,2.161935574,3,0,1
4306,870,0,0,0,-1,0,1
4308,960,1,1,2.166701095,4,0,1
4308,960,0,0,0,-1,0,1
4308,895,0,1,2.164518748,2,1,1
4308,895,1,0,0,-1,0,1
4308,938,1,1,2.164489486,2,0,1
4308,938,0,0,0,-1,0,1
4308,740,0,1,2.164457994,2,0,1
4308,740,1,0,0,-1,0,1
4310,960,1,1,2.166774,4,0,1
4310,960,0,0,0,-1,0,1
4310,938,1,1,2.164469331,2,0,1
4310,938,0,0,0,-1,0,1
4310,643,0,1,2.164637656,1,1,1
4310,643,1,0,0,-1,0,1
4310,94,1,1,2.16460729,4,0,1
4310,94,0,0,0,-1,0,1
4311,960,1,1,2.161848989,4,0,1
4311,960,0,0,0,-1,0,1
4311,938,1,1,2.159688145,2,1,1
4311,938,0,0,0,-1,0,1
4311,870,1,1,2.159552048,3,0,1
4311,870,0,0,0,-1,0,1
4311,94,1,1,2.159664093,4,0,1
4311,94,0,0,0,-1,0,1
4313,960,1,1,2.161919244,4,0,1
4313,960,0,0,0,-1,0,1
4313,94,1,1,2.159747386,4,0,1
4313,94,0,0,0,-1,0,1
4313,814,0,1,2.159578466,3,0,1
4313,814,1,1,0.5986188067,365,0,1
4313,740,0,1,2.159762242,1,1,1
4313,740,1,0,0,-1,0,1
4315,960,1,1,2.161761491,4,0,1
4315,960,0,0,0,-1,0,1
4315,740,0,1,2.159707715,1,1,1
4315,740,1,0,0,-1,0,1
4315,94,1,1,2.159588501,4,0,1
4315,94,0,0,0,-1,0,1
4315,814,0,1,2.15973474,3,0,1
4315,814,1,1,0.598698766,307,0,1
4317,960,1,1,2.161872734,4,0,1
4317,960,0,0,0,-1,0,1
4317,94,1,1,2.159675437,4,0,1
4317,94,0,0,0,-1,0,1
4317,938,1,1,2.159648548,2,1,1
4317,938,0,0,0,-1,0,1
4317,814,0,1,2.15965811,3,0,1
4317,814,1,1,0.5957772384,595,0,1
4319,960,1,1,2.161956668,4,0,1
4319,960,0,0,0,-1,0,1
4319,938,1,1,2.159768737,2,1,1
4319,938,0,0,0,-1,0,1
4319,94,1,1,2.159780334,4,0,1
4319,94,0,0,0,-1,0,1
4319,814,0,1,2.15954567,3,0,1
4319,814,1,1,0.5958027836,451,0,1
4321,960,1,1,2.161919071,4,0,1
4321,960,0,0,0,-1,0,1
4321,94,1,1,2.159740131,4,0,1
4321,94,0,0,0,-1,0,1
4321,938,1,1,2.159654263,2,0,1
4321,938,0,0,0,-1,0,1
4321,981,0,1,2.159722635,1,1,1
4321,981,1,0,0,-1,0,1
4323,960,1,1,2.161956616,4,0,1
4323,960,0,0,0,-1,0,1
4323,938,1,1,2.159826442,2,1,1
4323,938,0,0,0,-1,0,1
4323,94,1,1,2.159774844,4,0,1
4323,94,0,0,0,-1,0,1
4323,184,0,1,2.159705921,2,0,1
4323,184,1,0,0,-1,0,1
4325,960,1,1,2.161796212,4,0,1
4325,960,0,0,0,-1,0,1
4325,643,0,1,2.159632147,1,1,1
4325,643,1,0,0,-1,0,1
4325,94,1,1,2.159603133,4,0,1
4325,94,0,0,0,-1,0,1
4325,814,0,1,2.159524843,3,0,1
4325,814,1,1,0.5966846379,360,0,1
4327,960,1,1,2.161889089,4,0,1
4327,960,0,0,0,-1,0,1
4327,94,1,1,2.15970022,4,0,1
4327,94,0,0,0,-1,0,1
4327,938,1,1,2.15969487,2,1,1
4327,938,0,0,0,-1,0,1
4327,814,0,1,2.159633773,3,0,1
4327,814,1,1,0.5957917309,499,0,1
4329,960,1,1,2.161919845,4,0,1
4329,960,0,0,0,-1,0,1
4329,94,1,1,2.15974678,4,0,1
4329,94,0,0,0,-1,0,1
4329,938,1,1,2.159680606,2,1,1
4329,938,0,0,0,-1,0,1
4329,814,0,1,2.159647268,3,0,1
4329,814,1,1,0.5957915069,489,0,1
4330,960,1,1,2.156908748,4,0,1
4330,960,0,0,0,-1,0,1
4330,94,1,1,2.154736824,4,0,1
4330,94,0,0,0,-1,0,1
4330,981,0,1,2.154779751,1,1,1
4330,981,1,0,0,-1,0,1
4330,814,0,1,2.154749056,3,0,1
4330,814,1,1,0.5907302915,474,0,1
4332,960,1,1,2.156991218,4,0,1
4332,960,0,0,0,-1,0,1
4332,94,1,1,2.154793563,4,0,1
4332,94,0,0,0,-1,0,1
4332,981,0,1,2.15472343,1,1,1
4332,981,1,0,0,-1,0,1
4332,612,0,1,2.154677372,1,0,1
4332,612,1,0,0,-1,0,1
4334,960,1,1,2.156910034,4,0,1
4334,960,0,0,0,-1,0,1
4334,981,0,1,2.154704899,1,1,1
4334,981,1,0,0,-1,0,1
4334,94,1,1,2.154728067,4,0,1
4334,94,0,0,0,-1,0,1
4334,184,0,1,2.154626377,2,0,1
4334,184,1,0,0,-1,0,1
4336,960,1,1,2.15685533,4,0,1
4336,960,0,0,0,-1,0,1
4336,870,1,1,2.15467209,3,0,1
4336,870,0,0,0,-1,0,1
4336,938,1,1,2.154725574,2,1,1
4336,938,0,0,0,-1,0,1
4336,94,1,1,2.154672826,4,0,1
4336,94,0,0,0,-1,0,1
4338,960,1,1,2.156935719,4,0,1
4338,960,0,0,0,-1,0,1
4338,814,0,1,2.154751846,3,0,1
4338,814,1,1,0.5906917817,575,0,1
4338,94,1,1,2.154740535,4,0,1
4338,94,0,0,0,-1,0,1
4338,981,0,1,2.15478514,1,1,1
4338,981,1,0,0,-1,0,1
4340,960,1,1,2.15701804,4,0,1
4340,960,0,0,0,-1,0,1
4340,94,1,1,2.15483473,4,0,1
4340,94,0,0,0,-1,0,1
4340,814,0,1,2.154611742,3,0,1
4340,814,1,1,0.5906799876,618,0,1
4340,981,0,1,2.154648433,1,1,1
4340,981,1,0,0,-1,0,1
4342,960,1,1,2.156878027,4,0,1
4342,960,0,0,0,-1,0,1
4342,94,1,1,2.154696233,4,0,1
4342,94,0,0,0,-1,0,1
4342,981,0,1,2.154611035,1,1,1
4342,981,1,0,0,-1,0,1
4342,814,0,1,2.154763419,3,0,1
4342,814,1,1,0.590658823,565,0,1
4344,960,1,1,2.156931262,4,0,1
4344,960,0,0,0,-1,0,1
4344,94,1,1,2.154748974,4,0,1
4344,94,0,0,0,-1,0,1
4344,981,0,1,2.154770826,1,1,1
4344,981,1,0,0,-1,0,1
4344,184,0,1,2.154589132,2,0,1
4344,184,1,0,0,-1,0,1
4346,960,1,1,2.156848828,4,0,1
4346,960,0,0,0,-1,0,1
4346,94,1,1,2.154669754,4,0,1
4346,94,0,0,0,-1,0,1
4346,981,0,1,2.154735539,1,1,1
4346,981,1,0,0,-1,0,1
4346,184,0,1,2.15462293,2,0,1
4346,184,1,0,0,-1,0,1
4348,960,1,1,2.156874584,4,0,1
4348,960,0,0,0,-1,0,1
4348,94,1,1,2.15468497,4,0,1
4348,94,0,0,0,-1,0,1
4348,981,0,1,2.154877077,1,1,1
4348,981,1,0,0,-1,0,1
4348,814,0,1,2.154847164,3,0,1
4348,814,1,1,0.5908214127,575,0,1
4349,960,1,1,2.151937045,4,0,1
4349,960,0,0,0,-1,0,1
4349,94,1,1,2.149766222,4,0,1
4349,94,0,0,0,-1,0,1
4349,814,0,1,2.149767985,3,0,1
4349,814,1,1,0.5903528223,388,0,1
4349,870,1,1,2.149839488,3,1,1
4349,870,0,0,0,-1,0,1
4351,960,1,1,2.151997818,4,0,1
4351,960,0,0,0,-1,0,1
4351,870,1,1,2.149827314,3,1,1
4351,870,0,0,0,-1,0,1
4351,814,0,1,2.149766868,3,0,1
4351,814,1,1,0.5903031729,618,0,1
4351,94,1,1,2.149793709,4,0,1
4351,94,0,0,0,-1,0,1
4353,960,1,1,2.151598795,4,0,1
4353,960,0,0,0,-1,0,1
4353,981,0,1,2.149742523,1,1,1
4353,981,1,0,0,-1,0,1
4353,814,0,1,2.149528623,3,0,1
4353,814,1,1,0.5875600317,373,0,1
4353,184,0,1,2.149350815,2,0,1
4353,184,1,0,0,-1,0,1
4355,960,1,1,2.15199172,4,0,1
4355,960,0,0,0,-1,0,1
4355,94,1,1,2.149791782,4,0,1
4355,94,0,0,0,-1,0,1
4355,814,0,1,2.14963966,3,0,1
4355,814,1,1,0.5904070363,388,0,1
4355,870,1,1,2.149694842,3,1,1
4355,870,0,0,0,-1,0,1
4357,960,1,1,2.15204408,4,0,1
4357,960,0,0,0,-1,0,1
4357,870,1,1,2.149743443,3,1,1
4357,870,0,0,0,-1,0,1
4357,94,1,1,2.149837067,4,0,1
4357,94,0,0,0,-1,0,1
4357,814,0,1,2.149688684,3,0,1
4357,814,1,1,0.5904008039,613,0,1
4359,960,1,1,2.15193092,4,0,1
4359,960,0,0,0,-1,0,1
4359,870,1,1,2.149829393,3,0,1
4359,870,0,0,0,-1,0,1
4359,94,1,1,2.149740458,4,0,1
4359,94,0,0,0,-1,0,1
4359,612,0,1,2.149774721,1,1,1
4359,612,1,0,0,-1,0,1
4361,960,1,1,2.151876151,4,0,1
4361,960,0,0,0,-1,0,1
4361,94,1,1,2.14970205,4,0,1
4361,94,0,0,0,-1,0,1
4361,814,0,1,2.149823923,3,0,1
4361,814,1,1,0.5903860808,580,0,1
4361,184,0,1,2.149528221,2,1,1
4361,184,1,0,0,-1,0,1
4363,960,1,1,2.151915622,4,0,1
4363,960,0,0,0,-1,0,1
4363,94,1,1,2.149751576,4,0,1
4363,94,0,0,0,-1,0,1
4363,814,0,1,2.149681755,3,0,1
4363,814,1,1,0.5904174186,441,0,1
4363,870,1,1,2.149741959,3,1,1
4363,870,0,0,0,-1,0,1
4365,960,1,1,2.152044817,4,0,1
4365,960,0,0,0,-1,0,1
4365,870,1,1,2.149676613,3,1,1
4365,870,0,0,0,-1,0,1
4365,94,1,1,2.149843482,4,0,1
4365,94,0,0,0,-1,0,1
4365,814,0,1,2.149635391,3,0,1
4365,814,1,1,0.590340832,656,0,1
4367,960,1,1,2.151756679,4,0,1
4367,960,0,0,0,-1,0,1
4367,938,1,1,2.149809654,2,1,1
4367,938,0,0,0,-1,0,1
4367,94,1,1,2.149530915,4,0,1
4367,94,0,0,0,-1,0,1
4367,814,0,1,2.149702657,3,0,1
4367,814,1,1,0.59234508,411,0,1
4368,960,1,1,2.147011914,4,0,1
4368,960,0,0,0,-1,0,1
4368,814,0,1,2.144691965,3,0,1
4368,814,1,1,0.5871866578,449,0,1
4368,94,1,1,2.144784248,4,0,1
4368,94,0,0,0,-1,0,1
4368,612,0,1,2.144983242,2,1,1
4368,612,1,0,0,-1,0,1
4370,960,1,1,2.147092193,4,0,1
4370,960,0,0,0,-1,0,1
4370,94,1,1,2.14485629,4,0,1
4370,94,0,0,0,-1,0,1
4370,814,0,1,2.144833236,3,0,1
4370,814,1,1,0.5872331907,459,0,1
4370,612,0,1,2.144688053,2,1,1
4370,612,1,0,0,-1,0,1
4372,960,1,1,2.1467738,4,0,1
4372,960,0,0,0,-1,0,1
4372,94,1,1,2.144551912,4,0,1
4372,94,0,0,0,-1,0,1
4372,814,0,1,2.144906276,3,0,1
4372,814,1,1,0.5872404806,378,0,1
4372,612,0,1,2.144747038,2,1,1
4372,612,1,0,0,-1,0,1
4374,960,1,1,2.147075313,4,0,1
4374,960,0,0,0,-1,0,1
4374,94,1,1,2.144879937,4,0,1
4374,94,0,0,0,-1,0,1
4374,612,0,1,2.144926169,2,1,1
4374,612,1,0,0,-1,0,1
4374,184,0,1,2.144878953,2,0,1
4374,184,1,0,0,-1,0,1
4376,960,1,1,2.146994839,4,0,1
4376,960,0,0,0,-1,0,1
4376,94,1,1,2.144803315,4,0,1
4376,94,0,0,0,-1,0,1
4376,612,0,1,2.144600563,2,1,1
4376,612,1,0,0,-1,0,1
4376,814,0,1,2.144881835,3,0,1
4376,814,1,1,0.5872939572,272,0,1
4378,960,1,1,2.14684269,4,0,1
4378,960,0,0,0,-1,0,1
4378,94,1,1,2.1446363,4,0,1
4378,94,0,0,0,-1,0,1
4378,612,0,1,2.14454332,1,1,1
4378,612,1,0,0,-1,0,1
4378,814,0,1,2.144891637,3,0,1
4378,814,1,1,0.5872412004,401,0,1
4380,960,1,1,2.147037572,4,0,1
4380,960,0,0,0,-1,0,1
4380,814,0,1,2.144841178,3,0,1
4380,814,1,1,0.5871535004,234,0,1
4380,94,1,1,2.144848944,4,0,1
4380,94,0,0,0,-1,0,1
4380,612,0,1,2.145015776,1,1,1
4380,612,1,0,0,-1,0,1
4382,960,1,1,2.147006478,4,0,1
4382,960,0,0,0,-1,0,1
4382,814,0,1,2.144925881,3,0,1
4382,814,1,1,0.5871714351,502,0,1
4382,94,1,1,2.144789414,4,0,1
4382,94,0,0,0,-1,0,1
4382,184,0,1,2.144371186,2,1,1
4382,184,1,0,0,-1,0,1
4384,960,1,1,2.146734975,4,0,1
4384,960,0,0,0,-1,0,1
4384,814,0,1,2.14483095,3,0,1
4384,814,1,1,0.587243429,340,0,1
4384,94,1,1,2.144547768,4,0,1
4384,94,0,0,0,-1,0,1
4384,184,0,1,2.144767535,2,1,1
4384,184,1,0,0,-1,0,1
4386,960,1,1,2.147266591,4,0,1
4386,960,0,0,0,-1,0,1
4386,94,1,1,2.145077313,4,0,1
4386,94,0,0,0,-1,0,1
4386,814,0,1,2.144455393,3,0,1
4386,814,1,1,0.5870924256,201,0,1
4386,612,0,1,2.144867432,2,1,1
4386,612,1,0,0,-1,0,1
4387,960,1,1,2.142072866,4,0,1
4387,960,0,0,0,-1,0,1
4387,814,0,1,2.139861981,3,1,1
4387,814,1,1,0.5838290566,201,0,1
4387,94,1,1,2.139894444,4,0,1
4387,94,0,0,0,-1,0,1
4387,516,1,1,2.139779054,3,0,1
4387,516,0,0,0,-1,0,1
4389,960,1,1,2.14184831,4,0,1
4389,960,0,0,0,-1,0,1
4389,814,0,1,2.140133337,3,0,1
4389,814,1,1,0.5837703243,494,0,1
4389,94,1,1,2.139622821,4,0,1
4389,94,0,0,0,-1,0,1
4389,184,0,1,2.139409759,2,1,1
4389,184,1,0,0,-1,0,1
4391,960,1,1,2.141672837,4,0,1
4391,960,0,0,0,-1,0,1
4391,814,0,1,2.139470021,3,0,1
4391,814,1,1,0.5831953993,259,0,1
4391,612,0,1,2.140084638,2,1,1
4391,612,1,0,0,-1,0,1
4391,94,1,1,2.139463572,4,0,1
4391,94,0,0,0,-1,0,1
4393,960,1,1,2.14235589,4,0,1
4393,960,0,0,0,-1,0,1
4393,612,0,1,2.140133625,1,1,1
4393,612,1,0,0,-1,0,1
4393,94,1,1,2.140183354,4,0,1
4393,94,0,0,0,-1,0,1
4393,516,1,1,2.1393713,3,0,1
4393,516,0,0,0,-1,0,1
4395,960,1,1,2.142421071,4,0,1
4395,960,0,0,0,-1,0,1
4395,814,0,1,2.140188006,4,0,1
4395,814,1,1,0.5837589046,575,0,1
4395,94,1,1,2.140203348,4,0,1
4395,94,0,0,0,-1,0,1
4395,516,1,1,2.139225271,3,1,1
4395,516,0,0,0,-1,0,1
4397,960,1,1,2.142112751,4,0,1
4397,960,0,0,0,-1,0,1
4397,94,1,1,2.139939034,4,0,1
4397,94,0,0,0,-1,0,1
4397,184,0,1,2.139493849,2,1,1
4397,184,1,0,0,-1,0,1
4397,814,0,1,2.139874682,3,0,1
4397,814,1,1,0.5837247111,201,0,1
4399,960,1,1,2.141562079,4,0,1
4399,960,0,0,0,-1,0,1
4399,94,1,1,2.139405085,4,0,1
4399,94,0,0,0,-1,0,1
4399,516,1,1,2.140026832,3,0,1
4399,516,0,0,0,-1,0,1
4399,814,0,1,2.140189736,3,1,1
4399,814,1,1,0.5838660122,416,0,1
4401,960,1,1,2.141791013,4,0,1
4401,960,0,0,0,-1,0,1
4401,814,0,1,2.139693871,3,0,1
4401,814,1,1,0.5838019614,317,0,1
4401,184,0,1,2.140041342,2,1,1
4401,184,1,0,0,-1,0,1
4401,94,1,1,2.139586881,4,0,1
4401,94,0,0,0,-1,0,1
4403,960,1,1,2.142408664,4,0,1
4403,960,0,0,0,-1,0,1
4403,184,0,1,2.139813301,2,1,1
4403,184,1,0,0,-1,0,1
4403,94,1,1,2.140248457,4,0,1
4403,94,0,0,0,-1,0,1
4403,814,0,1,2.139471987,3,0,1
4403,814,1,1,0.5838995781,163,0,1
4405,960,1,1,2.141633399,4,0,1
4405,960,0,0,0,-1,0,1
4405,94,1,1,2.139455098,4,0,1
4405,94,0,0,0,-1,0,1
4405,814,0,1,2.14028479,3,0,1
4405,814,1,1,0.583881848,325,0,1
4405,184,0,1,2.139422383,2,1,1
4405,184,1,0,0,-1,0,1
4406,960,1,1,2.136615139,4,0,1
4406,960,0,0,0,-1,0,1
4406,516,1,1,2.134908674,3,0,1
4406,516,0,0,0,-1,0,1
4406,814,0,1,2.135061942,3,1,1
4406,814,1,1,0.5797970803,383,0,1
4406,94,1,1,2.134408515,4,0,1
4406,94,0,0,0,-1,0,1
4408,960,1,1,2.136818162,4,0,1
4408,960,0,0,0,-1,0,1
4408,94,1,1,2.134639293,4,0,1
4408,94,0,0,0,-1,0,1
4408,516,1,1,2.135105348,3,0,1
4408,516,0,0,0,-1,0,1
4408,184,0,1,2.134340354,2,1,1
4408,184,1,0,0,-1,0,1
4410,960,1,1,2.136801589,4,0,1
4410,960,0,0,0,-1,0,1
4410,94,1,1,2.134601152,4,0,1
4410,94,0,0,0,-1,0,1
4410,516,1,1,2.134644022,3,0,1
4410,516,0,0,0,-1,0,1
4410,184,0,1,2.135176356,2,1,1
4410,184,1,0,0,-1,0,1
4412,960,1,1,2.1374432,4,0,1
4412,960,0,0,0,-1,0,1
4412,94,1,1,2.135229421,4,0,1
4412,94,0,0,0,-1,0,1
4412,184,0,1,2.134752529,2,1,1
4412,184,1,0,0,-1,0,1
4412,516,1,1,2.134395932,3,0,1
4412,516,0,0,0,-1,0,1
4414,960,1,1,2.137182699,4,0,1
4414,960,0,0,0,-1,0,1
4414,814,0,1,2.134934441,4,0,1
4414,814,1,1,0.5798876428,441,0,1
4414,94,1,1,2.134977383,4,0,1
4414,94,0,0,0,-1,0,1
4414,516,1,1,2.134236353,3,1,1
4414,516,0,0,0,-1,0,1
4416,960,1,1,2.137437693,4,0,1
4416,960,0,0,0,-1,0,1
4416,94,1,1,2.135252074,4,0,1
4416,94,0,0,0,-1,0,1
4416,814,0,1,2.134237749,3,1,1
4416,814,1,1,0.579652849,168,0,1
4416,233,0,1,2.135039745,4,0,1
4416,233,1,0,0,-1,0,1
4418,960,1,1,2.137494647,4,0,1
4418,960,0,0,0,-1,0,1
4418,814,0,1,2.134610502,3,1,1
4418,814,1,1,0.5797838632,499,0,1
4418,94,1,1,2.135263129,4,0,1
4418,94,0,0,0,-1,0,1
4418,516,1,1,2.13443579,3,0,1
4418,516,0,0,0,-1,0,1
4420,960,1,1,2.137322607,4,0,1
4420,960,0,0,0,-1,0,1
4420,94,1,1,2.135113565,4,0,1
4420,94,0,0,0,-1,0,1
4420,516,1,1,2.134132063,3,0,1
4420,516,0,0,0,-1,0,1
4420,184,0,1,2.134239755,3,1,1
4420,184,1,0,0,-1,0,1
4422,960,1,1,2.136514869,4,0,1
4422,960,0,0,0,-1,0,1
4422,94,1,1,2.13432313,4,0,1
4422,94,0,0,0,-1,0,1
4422,516,1,1,2.134856329,3,1,1
4422,516,0,0,0,-1,0,1
4422,233,0,1,2.1342474,4,0,1
4422,233,1,0,0,-1,0,1
4424,960,1,1,2.137026421,4,0,1
4424,960,0,0,0,-1,0,1
4424,94,1,1,2.134830784,4,0,1
4424,94,0,0,0,-1,0,1
4424,184,0,1,2.135429327,2,1,1
4424,184,1,0,0,-1,0,1
4424,233,0,1,2.134647707,4,0,1
4424,233,1,0,0,-1,0,1
4425,960,1,1,2.1326364,4,0,1
4425,960,0,0,0,-1,0,1
4425,94,1,1,2.130464273,4,0,1
4425,94,0,0,0,-1,0,1
4425,233,0,1,2.130299766,4,0,1
4425,233,1,0,0,-1,0,1
4425,516,1,1,2.129116169,3,1,1
4425,516,0,0,0,-1,0,1
4427,960,1,1,2.132599928,4,0,1
4427,960,0,0,0,-1,0,1
4427,94,1,1,2.130368149,4,0,1
4427,94,0,0,0,-1,0,1
4427,516,1,1,2.129419454,3,1,1
4427,516,0,0,0,-1,0,1
4427,233,0,1,2.130299407,4,0,1
4427,233,1,0,0,-1,0,1
4429,960,1,1,2.131566725,4,0,1
4429,960,0,0,0,-1,0,1
4429,94,1,1,2.129353115,4,0,1
4429,94,0,0,0,-1,0,1
4429,233,0,1,2.12917877,4,0,1
4429,233,1,0,0,-1,0,1
4429,516,1,1,2.129738918,3,1,1
4429,516,0,0,0,-1,0,1
4431,960,1,1,2.132219387,4,0,1
4431,960,0,0,0,-1,0,1
4431,94,1,1,2.129996376,4,0,1
4431,94,0,0,0,-1,0,1
4431,516,1,1,2.129195355,3,1,1
4431,516,0,0,0,-1,0,1
4431,233,0,1,2.129980442,4,0,1
4431,233,1,0,0,-1,0,1
4433,960,1,1,2.132619536,4,0,1
4433,960,0,0,0,-1,0,1
4433,94,1,1,2.130435648,4,0,1
4433,94,0,0,0,-1,0,1
4433,233,0,1,2.130292772,4,0,1
4433,233,1,0,0,-1,0,1
4433,516,1,1,2.129212311,3,1,1
4433,516,0,0,0,-1,0,1
4435,960,1,1,2.132502479,4,0,1
4435,960,0,0,0,-1,0,1
4435,94,1,1,2.130263318,4,0,1
4435,94,0,0,0,-1,0,1
4435,516,1,1,2.129611854,3,1,1
4435,516,0,0,0,-1,0,1
4435,263,1,1,2.12946498,3,0,1
4435,263,0,0,0,-1,0,1
4437,960,1,1,2.131682361,4,0,1
4437,960,0,0,0,-1,0,1
4437,94,1,1,2.12947312,4,0,1
4437,94,0,0,0,-1,0,1
4437,233,0,1,2.129310464,4,0,1
4437,233,1,0,0,-1,0,1
4437,516,1,1,2.129676876,3,1,1
4437,516,0,0,0,-1,0,1
4439,960,1,1,2.132303551,4,0,1
4439,960,0,0,0,-1,0,1
4439,94,1,1,2.130078818,4,0,1
4439,94,0,0,0,-1,0,1
4439,516,1,1,2.129184964,3,1,1
4439,516,0,0,0,-1,0,1
4439,233,0,1,2.130065095,4,0,1
4439,233,1,0,0,-1,0,1
4441,960,1,1,2.132584036,4,0,1
4441,960,0,0,0,-1,0,1
4441,94,1,1,2.130396868,4,0,1
4441,94,0,0,0,-1,0,1
4441,233,0,1,2.130266596,4,0,1
4441,233,1,0,0,-1,0,1
4441,516,1,1,2.129304994,3,1,1
4441,516,0,0,0,-1,0,1
4443,960,1,1,2.132384957,4,0,1
4443,960,0,0,0,-1,0,1
4443,94,1,1,2.130145919,4,0,1
4443,94,0,0,0,-1,0,1
4443,263,1,1,2.1295793,3,0,1
4443,263,0,0,0,-1,0,1
4443,516,1,1,2.12972598,3,1,1
4443,516,0,0,0,-1,0,1
4444,960,1,1,2.126904939,4,0,1
4444,960,0,0,0,-1,0,1
4444,94,1,1,2.12473378,4,0,1
4444,94,0,0,0,-1,0,1
4444,233,0,1,2.12461798,4,0,1
4444,233,1,0,0,-1,0,1
4444,263,1,1,2.124379985,3,1,1
4444,263,0,0,0,-1,0,1
4446,263,1,1,2.134065051,0,1,1
4446,263,0,0,0,-1,0,1
4446,991,1,1,2.132772451,0,0,1
4446,991,0,0,0,-1,0,1
4446,938,1,1,2.12918723,2,0,1
4446,938,0,0,0,-1,0,1
4446,516,1,1,2.12993283,3,0,1
4446,516,0,0,0,-1,0,1
4448,991,1,1,2.138184234,0,1,1
4448,991,0,0,0,-1,0,1
4448,938,1,1,2.135182773,2,0,1
4448,938,0,0,0,-1,0,1
4448,516,1,1,2.133693703,3,0,1
4448,516,0,0,0,-1,0,1
4448,233,0,1,2.13463942,4,0,1
4448,233,1,0,0,-1,0,1
4450,612,0,1,2.137541875,2,0,1
4450,612,1,0,0,-1,0,1
4450,938,1,1,2.137745136,2,1,1
4450,938,0,0,0,-1,0,1
4450,516,1,1,2.138738201,3,0,1
4450,516,0,0,0,-1,0,1
4450,233,0,1,2.137560292,4,0,1
4450,233,1,0,0,-1,0,1
4452,612,0,1,2.138794424,1,1,1
4452,612,1,0,0,-1,0,1
4452,516,1,1,2.138266912,3,0,1
4452,516,0,0,0,-1,0,1
4452,814,0,1,2.138175889,3,0,1
4452,814,1,1,0.5802779677,196,0,1
4452,184,0,1,2.137685438,2,0,1
4452,184,1,0,0,-1,0,1
4454,814,0,1,2.13763563,3,0,1
4454,814,1,1,0.5805950402,302,0,1
4454,184,0,1,2.138753704,2,0,1
4454,184,1,0,0,-1,0,1
4454,612,0,1,2.137799349,1,1,1
4454,612,1,0,0,-1,0,1
4454,516,1,1,2.137735687,3,0,1
4454,516,0,0,0,-1,0,1
4456,516,1,1,2.137813518,3,0,1
4456,516,0,0,0,-1,0,1
4456,814,0,1,2.138216785,4,0,1
4456,814,1,1,0.5805914532,793,0,1
4456,612,0,1,2.137861223,3,1,1
4456,612,1,0,0,-1,0,1
4456,233,0,1,2.138112695,4,0,1
4456,233,1,0,0,-1,0,1
4458,612,0,1,2.138114605,2,1,1
4458,612,1,0,0,-1,0,1
4458,516,1,1,2.138679519,3,0,1
4458,516,0,0,0,-1,0,1
4458,814,0,1,2.138718877,3,0,1
4458,814,1,1,0.5805544168,611,0,1
4458,233,0,1,2.137548768,4,0,1
4458,233,1,0,0,-1,0,1
4460,516,1,1,2.137682139,3,0,1
4460,516,0,0,0,-1,0,1
4460,814,0,1,2.137776789,3,0,1
4460,814,1,1,0.5805777496,841,0,1
4460,612,0,1,2.138802554,2,1,1
4460,612,1,0,0,-1,0,1
4460,184,0,1,2.137557647,3,0,1
4460,184,1,0,0,-1,0,1
4462,814,0,1,2.138601946,3,0,1
4462,814,1,1,0.5805244946,856,0,1
4462,516,1,1,2.138538866,3,0,1
4462,516,0,0,0,-1,0,1
4462,612,0,1,2.137806201,2,1,1
4462,612,1,0,0,-1,0,1
4462,184,0,1,2.137465933,2,0,1
4462,184,1,0,0,-1,0,1
4463,814,0,1,2.133786527,3,0,1
4463,814,1,1,0.5771036649,782,0,1
4463,184,0,1,2.132759158,2,1,1
4463,184,1,0,0,-1,0,1
4463,516,1,1,2.133797241,3,0,1
4463,516,0,0,0,-1,0,1
4463,233,0,1,2.132621828,4,0,1
4463,233,1,0,0,-1,0,1
4465,612,0,1,2.133863318,2,1,1
4465,612,1,0,0,-1,0,1
4465,814,0,1,2.132572245,3,0,1
4465,814,1,1,0.5764765804,269,0,1
4465,516,1,1,2.132667996,3,0,1
4465,516,0,0,0,-1,0,1
4465,233,0,1,2.132956404,4,0,1
4465,233,1,0,0,-1,0,1
4467,814,0,1,2.133550944,3,0,1
4467,814,1,1,0.5771426313,648,0,1
4467,184,0,1,2.133230186,2,1,1
4467,184,1,0,0,-1,0,1
4467,516,1,1,2.133571889,3,0,1
4467,516,0,0,0,-1,0,1
4467,233,0,1,2.132394466,4,0,1
4467,233,1,0,0,-1,0,1
4469,814,0,1,2.133905436,3,0,1
4469,814,1,1,0.5771354556,873,0,1
4469,516,1,1,2.133865108,3,0,1
4469,516,0,0,0,-1,0,1
4469,184,0,1,2.132381221,2,1,1
4469,184,1,0,0,-1,0,1
4469,233,0,1,2.13275056,4,0,1
4469,233,1,0,0,-1,0,1
4471,814,0,1,2.133149713,4,0,1
4471,814,1,1,0.5771737199,461,0,1
4471,184,0,1,2.133826073,2,1,1
4471,184,1,0,0,-1,0,1
4471,516,1,1,2.133088703,4,0,1
4471,516,0,0,0,-1,0,1
4471,233,0,1,2.132833978,4,0,1
4471,233,1,0,0,-1,0,1
4473,814,0,1,2.133931195,3,0,1
4473,814,1,1,0.577214007,739,0,1
4473,184,0,1,2.132712209,2,1,1
4473,184,1,0,0,-1,0,1
4473,516,1,1,2.133937674,3,0,1
4473,516,0,0,0,-1,0,1
4473,233,0,1,2.133607992,5,0,1
4473,233,1,0,0,-1,0,1
4475,516,1,1,2.132584218,4,0,1
4475,516,0,0,0,-1,0,1
4475,814,0,1,2.132588336,4,0,1
4475,814,1,1,0.5771295209,833,0,1
4475,233,0,1,2.132534614,4,0,1
4475,233,1,0,0,-1,0,1
4475,468,0,1,2.133441825,2,1,1
4475,468,1,0,0,-1,0,1
4477,184,0,1,2.133383029,2,1,1
4477,184,1,0,0,-1,0,1
4477,814,0,1,2.132590451,4,0,1
4477,814,1,1,0.57711234,605,0,1
4477,516,1,1,2.133572621,3,0,1
4477,516,0,0,0,-1,0,1
4477,233,0,1,2.132329912,4,0,1
4477,233,1,0,0,-1,0,1
4479,814,0,1,2.133199453,4,0,1
4479,814,1,1,0.577184965,929,0,1
4479,516,1,1,2.133237766,4,0,1
4479,516,0,0,0,-1,0,1
4479,184,0,1,2.133316566,4,1,1
4479,184,1,0,0,-1,0,1
4479,233,0,1,2.133169661,4,0,1
4479,233,1,0,0,-1,0,1
4481,516,1,1,2.133078275,4,0,1
4481,516,0,0,0,-1,0,1
4481,814,0,1,2.133023859,4,0,1
4481,814,1,1,0.577140002,929,0,1
4481,184,0,1,2.13277971,3,1,1
4481,184,1,0,0,-1,0,1
4481,233,0,1,2.13301713,4,0,1
4481,233,1,0,0,-1,0,1
4482,516,1,1,2.12909274,3,0,1
4482,516,0,0,0,-1,0,1
4482,233,0,1,2.127843476,4,0,1
4482,233,1,0,0,-1,0,1
4482,814,0,1,2.129027299,3,0,1
4482,814,1,1,0.573117404,330,0,1
4482,468,0,1,2.127089447,2,1,1
4482,468,1,0,0,-1,0,1
4484,516,1,1,2.127849991,4,0,1
4484,516,0,0,0,-1,0,1
4484,814,0,1,2.127784004,4,0,1
4484,814,1,1,0.5731627134,671,0,1
4484,233,0,1,2.127804871,4,0,1
4484,233,1,0,0,-1,0,1
4484,468,0,1,2.128838116,2,1,1
4484,468,1,0,0,-1,0,1
4486,814,0,1,2.128211727,3,0,1
4486,814,1,1,0.5731995873,385,0,1
4486,516,1,1,2.127773418,4,0,1
4486,516,0,0,0,-1,0,1
4486,233,0,1,2.127514816,4,0,1
4486,233,1,0,0,-1,0,1
4486,468,0,1,2.128545005,2,1,1
4486,468,1,0,0,-1,0,1
4488,516,1,1,2.127698175,3,1,1
4488,516,0,0,0,-1,0,1
4488,233,0,1,2.127363378,5,0,1
4488,233,1,0,0,-1,0,1
4488,814,0,1,2.127613364,3,0,1
4488,814,1,1,0.571735903,112,0,1
4488,906,1,1,2.128375045,6,0,1
4488,906,0,0,0,-1,0,1
4490,814,0,1,2.127423412,4,0,1
4490,814,1,0,0,-1,0,1
4490,233,0,1,2.127434417,4,0,1
4490,233,1,0,0,-1,0,1
4490,184,0,1,2.127549218,4,1,1
4490,184,1,0,0,-1,0,1
4490,468,0,1,2.127288812,4,0,1
4490,468,1,0,0,-1,0,1
4492,814,0,1,2.127632425,3,0,1
4492,814,1,1,0.5751772715,461,0,1
4492,184,0,1,2.129022776,2,0,1
4492,184,1,0,0,-1,0,1
4492,233,0,1,2.128222527,4,0,1
4492,233,1,0,0,-1,0,1
4492,468,0,1,2.127400692,1,1,1
4492,468,1,0,0,-1,0,1
4494,814,0,1,2.128123032,4,0,1
4494,814,1,0,0,-1,0,1
4494,233,0,1,2.128189652,4,0,1
4494,233,1,0,0,-1,0,1
4494,184,0,1,2.128250981,4,0,1
4494,184,1,0,0,-1,0,1
4494,468,0,1,2.128894306,2,1,1
4494,468,1,0,0,-1,0,1
4496,184,0,1,2.12895253,2,1,1
4496,184,1,0,0,-1,0,1
4496,814,0,1,2.127920203,3,0,1
4496,814,1,1,0.575225576,600,0,1
4496,233,0,1,2.12795453,4,0,1
4496,233,1,0,0,-1,0,1
4496,468,0,1,2.128797037,2,0,1
4496,468,1,0,0,-1,0,1
4498,814,0,1,2.128726452,4,0,1
4498,814,1,1,0.5732308858,729,0,1
4498,516,1,1,2.127330073,3,1,1
4498,516,0,0,0,-1,0,1
4498,233,0,1,2.1287108,4,0,1
4498,233,1,0,0,-1,0,1
4498,468,0,1,2.127109846,3,0,1
4498,468,1,0,0,-1,0,1
4500,814,0,1,2.127321795,4,0,1
4500,814,1,0,0,-1,0,1
4500,233,0,1,2.127321281,4,0,1
4500,233,1,0,0,-1,0,1
4500,468,0,1,2.128425226,2,1,1
4500,468,1,0,0,-1,0,1
4500,184,0,1,2.127457595,4,0,1
4500,184,1,0,0,-1,0,1
4501,814,0,1,2.122350936,3,0,1
4501,814,1,0,0,-1,0,1
4501,233,0,1,2.123257485,4,0,1
4501,233,1,0,0,-1,0,1
4501,184,0,1,2.122197796,3,0,1
4501,184,1,0,0,-1,0,1
4501,328,1,1,2.123840162,2,1,1
4501,328,0,0,0,-1,0,1
4503,814,0,1,2.122813276,4,0,1
4503,814,1,0,0,-1,0,1
4503,184,0,1,2.122974167,4,0,1
4503,184,1,0,0,-1,0,1
4503,233,0,1,2.122891685,4,0,1
4503,233,1,0,0,-1,0,1
4503,328,1,1,2.123742615,2,1,1
4503,328,0,0,0,-1,0,1
4505,184,0,1,2.121910234,3,1,1
4505,184,1,0,0,-1,0,1
4505,233,0,1,2.123784844,4,0,1
4505,233,1,0,0,-1,0,1
4505,814,0,1,2.121750431,3,0,1
4505,814,1,1,0.5665279552,122,0,1
4505,514,0,1,2.123579375,4,0,1
4505,514,1,0,0,-1,0,1
4507,233,0,1,2.123608184,5,0,1
4507,233,1,0,0,-1,0,1
4507,814,0,1,2.123657154,5,0,1
4507,814,1,1,0.5712423407,560,0,1
4507,468,0,1,2.122208316,2,1,1
4507,468,1,0,0,-1,0,1
4507,906,1,1,2.123450898,5,0,1
4507,906,0,0,0,-1,0,1
4509,814,0,1,2.12341164,4,0,1
4509,814,1,1,0.5711647753,1007,0,1
4509,233,0,1,2.12352704,4,1,1
4509,233,1,0,0,-1,0,1
4509,468,0,1,2.123285764,4,0,1
4509,468,1,0,0,-1,0,1
4509,906,1,1,2.123373441,4,0,1
4509,906,0,0,0,-1,0,1
4511,814,0,1,2.122116307,4,0,1
4511,814,1,1,0.5711752905,721,0,1
4511,233,0,1,2.121909047,4,0,1
4511,233,1,0,0,-1,0,1
4511,906,1,1,2.12430984,5,0,1
4511,906,0,0,0,-1,0,1
4511,468,0,1,2.123085922,2,1,1
4511,468,1,0,0,-1,0,1
4513,814,0,1,2.124113469,7,0,1
4513,814,1,1,0.5711944703,954,0,1
4513,233,0,1,2.124141974,7,0,1
4513,233,1,0,0,-1,0,1
4513,468,0,1,2.124093922,2,1,1
4513,468,1,0,0,-1,0,1
4513,906,1,1,2.121870893,6,0,1
4513,906,0,0,0,-1,0,1
4515,233,0,1,2.123905243,4,0,1
4515,233,1,0,0,-1,0,1
4515,814,0,1,2.124165575,4,1,1
4515,814,1,1,0.5702482721,122,0,1
4515,906,1,1,2.123871399,4,0,1
4515,906,0,0,0,-1,0,1
4515,468,0,1,2.12385223,4,0,1
4515,468,1,0,0,-1,0,1
4517,233,0,1,2.121925984,6,1,1
4517,233,1,0,0,-1,0,1
4517,814,0,1,2.124544213,32,0,1
4517,814,1,1,0.5709666992,155,0,1
4517,906,1,1,2.121806351,6,0,1
4517,906,0,0,0,-1,0,1
4517,468,0,1,2.121834699,6,0,1
4517,468,1,0,0,-1,0,1
4519,814,0,1,2.124229524,4,0,1
4519,814,1,0,0,-1,0,1
4519,233,0,1,2.124343175,4,1,1
4519,233,1,0,0,-1,0,1
4519,468,0,1,2.124295887,42,0,1
4519,468,1,0,0,-1,0,1
4519,906,1,1,2.124164619,4,0,1
4519,906,0,0,0,-1,0,1
